 0.593931 0.754335 0.271676 0.862717 0.254335 0.286127 0.523121 0.803468
 0.755780 0.854046 0.856936 0.833815 0.755780 0.854046 0.505780 0.841040
 0.924855 0.861272 0.800578 0.533237 0.460983 0.843931 0.891618 0.790462
 0.862717 0.527457 0.374277 0.492775 0.884393 0.843931 0.884393 0.689306
 0.854046 0.417630 0.469653 0.419075 0.891618 0.758671 0.573699 0.810694
 0.528902 0.273121 0.526012 0.284682 0.267341 0.816474 0.375723 0.722543
 0.806358 0.663295 0.799133 0.819364 0.934971 0.867052 0.692197 0.750000
 0.520231 0.758671 0.864162 0.699422 0.219653 0.871387 0.849711 0.654624
 0.745665 0.096821 0.856936 0.914740 0.943642 0.829480 0.943642 0.869942
 0.956647 0.932081 0.898844 0.959538 0.933526 0.653179 0.695087 0.836705
 0.815029 0.790462 0.793353 0.817919 0.843931 0.842486 0.946532 0.846821
 0.790462 0.815029 0.458092 0.950867 0.843931 0.924855 0.890173 0.887283
 0.885838 0.939306 0.893064 0.890173 0.887283 0.945087 0.797688 0.680636
 0.919075 0.865607 0.849711 0.887283 0.923410 0.959538 0.924855 0.945087
 0.854046 0.839595 0.891618 0.748555 0.838150 0.533237 0.375723 0.695087
 0.867052 0.898844 0.849711 0.913295 0.921965 0.871387 0.945087 0.959538
 0.962428 0.855491 0.939306 0.978324 0.713873 0.521676 0.851156 0.559249
 0.973988 0.946532 0.950867 0.937861 0.686416 0.702312 0.765896 0.747110
 0.495665 0.754335 0.929191 0.893064 0.975434 0.936416 0.924855 0.936416
 0.946532 0.760116 0.751445 0.882948 0.803468 0.842486 0.956647 0.864162
 0.822254 0.947977 0.901734 0.841040 0.959538 0.528902 0.726879 0.791907
 0.842486 0.751445 0.864162 0.800578 0.843931 0.913295 0.914740 0.815029
 0.888728 0.930636 0.924855 0.940751 0.920520 0.372832 0.741329 0.933526
 0.677746 0.890173 0.465318 0.624277 0.919075 0.921965 0.000000 0.000000
 0.813584 0.663295 0.245665 0.459538 0.289017 0.164740 0.231214 0.173410
 0.654624 0.410405 1.000000 0.096821 1.000000 0.335260 0.250000 0.290462
 0.367052 0.212428 0.290462 0.359827 0.276012 0.281792 0.731214 0.299133
 0.660405 0.557803 0.815029 0.562139 0.471098 1.000000 0.190751 0.588150
 0.884393 0.395954 0.618497 0.306358 0.393064 0.300578 0.806358 0.239884
 0.158960 0.234104 0.429191 0.485549 0.758671 1.000000 0.394509 0.475434
 0.303468 0.765896 0.247110 0.463873 0.712428 1.000000 0.225434 0.757225
 0.440751 0.709538 0.628613 0.304913 0.406069 0.336705 0.907514 0.742775
 0.468208 0.066474 1.000000 1.000000 0.682081 1.000000 1.000000 1.000000
 1.000000 0.671965 0.569364 1.000000 0.781792 0.722543 0.328035 0.482659
 0.664740 0.348266 0.596821 0.747110 0.341040 0.257225 0.258671 0.328035
 0.807803 0.683526 0.854046 1.000000 1.000000 0.732659 1.000000 1.000000
 1.000000 0.940751 0.687861 0.447977 1.000000 1.000000 0.755780 0.338150
 0.713873 0.433526 0.843931 0.606936 0.760116 0.648844 0.645954 1.000000
 0.257225 0.489884 0.845376 1.000000 0.546243 1.000000 0.235549 0.682081
 0.634393 0.358382 0.680636 0.387283 0.797688 1.000000 0.583815 0.835260
 1.000000 0.789017 0.533237 0.570809 0.933526 0.128613 0.684971 0.195087
 1.000000 0.248555 1.000000 0.452312 0.154624 0.322254 0.797688 0.864162
 0.888728 0.291908 0.676301 0.257225 1.000000 1.000000 1.000000 0.997110
 0.358382 0.862717 0.696532 0.342486 0.778902 0.861272 1.000000 0.823699
 0.346821 0.325144 0.799133 0.420520 0.854046 1.000000 1.000000 0.408960
 0.426301 0.709538 0.723988 0.320809 0.335260 1.000000 0.395954 0.365607
 0.054913 0.359827 1.000000 1.000000 0.195087 0.235549 0.283237 1.000000
 0.278902 1.000000 0.839595 0.829480 0.088150 1.000000 0.000000 0.000000
 0.579480 0.676301 0.208092 0.839595 0.221098 0.135838 0.582370 0.648844
 0.862717 0.692197 0.960983 0.547688 0.917630 0.463873 0.544798 0.606936
 0.573699 0.836705 0.567919 0.511561 0.184971 0.468208 0.589595 0.715318
 0.673410 0.544798 0.809249 0.524566 0.793353 0.576590 0.523121 0.777457
 0.628613 0.406069 0.378613 0.605491 0.530347 0.472543 0.744220 0.579480
 0.515896 0.351156 0.462428 0.341040 0.510116 0.812139 0.148844 0.751445
 0.460983 0.641618 0.284682 0.628613 0.819364 0.721098 0.732659 0.754335
 0.413295 0.702312 0.799133 0.602601 0.218208 0.599711 0.842486 0.715318
 0.455202 0.328035 0.998555 0.992775 1.000000 1.000000 0.971098 0.998555
 1.000000 1.000000 1.000000 0.972543 0.965318 0.994220 0.806358 0.495665
 0.774566 0.757225 0.845376 0.973988 0.890173 0.843931 0.869942 0.754335
 0.445087 0.849711 0.673410 0.960983 0.856936 0.874277 0.966763 1.000000
 0.823699 0.969653 0.901734 0.971098 0.930636 0.939306 0.777457 0.504335
 0.916185 0.913295 0.924855 1.000000 0.949422 0.949422 0.976879 0.939306
 1.000000 0.934971 0.956647 0.960983 0.989884 0.972543 0.810694 0.971098
 0.907514 0.838150 0.865607 0.885838 0.992775 0.937861 0.874277 0.965318
 0.985549 0.942197 0.874277 0.923410 0.929191 0.472543 0.979769 0.768786
 0.819364 0.828035 0.911850 0.919075 0.767341 0.773121 0.630058 0.830925
 0.583815 0.608382 0.839595 0.747110 1.000000 0.748555 0.491329 0.981214
 0.900289 0.861272 0.657514 0.715318 0.583815 0.767341 0.648844 0.815029
 0.654624 0.913295 0.546243 0.589595 0.699422 0.750000 0.654624 0.976879
 0.971098 0.841040 0.812139 0.605491 0.223988 0.781792 0.539017 0.768786
 0.463873 0.656069 0.914740 0.937861 0.760116 0.501445 0.423410 0.960983
 0.797688 0.878613 0.593931 0.929191 0.622832 0.611272 0.000000 0.000000
 0.806358 0.453757 0.063584 0.728324 0.089595 0.141618 0.923410 0.703757
 0.933526 0.923410 0.843931 0.689306 0.939306 0.903179 0.158960 0.799133
 0.618497 0.836705 0.758671 0.332370 0.205202 0.579480 0.885838 0.593931
 0.661850 0.199422 0.372832 0.053468 0.736994 0.867052 0.549133 0.826590
 0.890173 0.352601 0.255780 0.137283 0.852601 0.917630 0.897399 0.921965
 0.429191 0.200867 0.231214 0.150289 0.189306 0.856936 0.452312 0.330925
 0.609827 0.976879 0.690751 0.820809 0.939306 0.819364 0.908960 0.812139
 0.710983 0.878613 0.716763 0.182081 0.049133 0.476879 0.965318 0.580925
 0.381503 0.098266 0.699422 0.495665 0.170520 0.543353 0.943642 1.000000
 0.869942 0.828035 0.950867 0.913295 0.481214 0.958093 0.609827 0.218208
 0.310694 0.291908 0.894509 0.950867 0.955202 0.764451 0.872832 0.839595
 0.790462 0.806358 0.228324 0.606936 0.982659 0.864162 0.924855 0.187861
 0.989884 0.897399 0.583815 0.343931 0.913295 0.917630 0.231214 0.640173
 1.000000 0.569364 0.359827 0.118497 0.473988 0.968208 1.000000 0.973988
 0.965318 0.796243 0.995665 0.884393 0.992775 0.460983 0.125723 0.960983
 0.940751 0.443642 0.640173 0.333815 0.959538 0.933526 0.894509 0.789017
 0.932081 0.971098 0.903179 0.920520 0.586705 0.111272 0.924855 0.229769
 0.829480 0.580925 1.000000 0.982659 0.312139 0.099711 0.260116 0.439306
 0.429191 0.049133 0.976879 0.273121 1.000000 1.000000 0.195087 0.985549
 0.742775 0.822254 0.640173 0.400289 0.091040 0.926301 0.846821 0.874277
 0.851156 0.953757 0.898844 0.258671 0.164740 0.234104 0.544798 0.897399
 0.887283 0.463873 0.963873 0.843931 0.108382 0.215318 0.585260 0.897399
 0.573699 0.856936 0.936416 0.965318 0.911850 0.205202 0.575145 0.871387
 0.661850 0.991329 0.388728 0.684971 0.950867 0.440751 0.000000 0.000000
 0.939306 0.841040 0.523121 0.861272 0.622832 0.511561 0.940751 0.898844
 0.894509 0.861272 1.000000 0.533237 0.947977 0.820809 0.687861 0.984104
 0.973988 0.911850 0.682081 0.984104 0.647399 0.997110 1.000000 0.852601
 1.000000 0.981214 1.000000 0.894509 1.000000 0.968208 0.745665 0.848266
 1.000000 0.869942 0.881503 0.842486 1.000000 0.773121 0.712428 0.911850
 0.848266 0.839595 0.783237 0.887283 0.945087 0.984104 0.634393 0.751445
 0.761561 0.841040 0.634393 0.956647 0.979769 1.000000 0.797688 0.911850
 0.690751 0.796243 0.843931 0.739884 0.647399 0.783237 0.956647 0.952312
 0.689306 0.518786 0.982659 0.992775 1.000000 1.000000 0.949422 1.000000
 1.000000 0.966763 0.916185 1.000000 0.985549 1.000000 0.813584 0.836705
 0.758671 0.862717 0.945087 0.887283 0.933526 0.819364 1.000000 0.998555
 0.995665 0.773121 0.803468 0.952312 0.913295 0.914740 1.000000 1.000000
 1.000000 1.000000 0.984104 0.859827 0.978324 1.000000 0.816474 1.000000
 1.000000 0.813584 0.914740 0.955202 0.956647 1.000000 0.887283 1.000000
 0.849711 0.952312 0.988439 0.960983 1.000000 0.921965 0.722543 1.000000
 0.809249 0.963873 0.985549 1.000000 1.000000 0.929191 1.000000 1.000000
 1.000000 0.921965 0.910405 0.893064 1.000000 1.000000 0.991329 1.000000
 1.000000 0.851156 0.914740 0.973988 0.828035 0.757225 0.943642 0.971098
 0.979769 0.723988 0.877168 0.926301 1.000000 0.942197 0.927746 0.972543
 1.000000 0.826590 0.953757 0.952312 0.985549 0.908960 0.867052 0.997110
 0.843931 0.962428 0.923410 0.940751 0.930636 0.916185 0.952312 0.979769
 0.986994 1.000000 1.000000 0.742775 0.651734 0.933526 0.789017 0.877168
 0.937861 0.882948 1.000000 0.986994 0.820809 0.549133 0.927746 1.000000
 0.809249 1.000000 0.854046 0.800578 0.780347 0.942197 0.000000 0.000000
 0.513006 0.692197 0.169075 0.579480 0.138728 0.082370 0.336705 0.333815
 0.851156 0.398844 0.547688 0.481214 0.505780 0.446532 0.502890 0.414740
 0.251445 0.443642 0.320809 0.589595 0.244220 0.656069 0.653179 0.385838
 0.478324 0.252890 0.556358 0.427746 0.497110 0.644509 0.154624 0.476879
 0.556358 0.507225 0.378613 0.356936 0.579480 0.215318 0.614162 0.471098
 0.390173 0.398844 0.365607 0.276012 0.544798 0.683526 0.111272 0.316474
 0.371387 0.875723 0.210983 0.221098 0.679191 0.752890 0.523121 0.914740
 0.442197 0.524566 0.449422 0.333815 0.297688 0.421965 0.927746 0.505780
 0.388728 0.203757 0.927746 0.601156 0.358382 0.388728 0.816474 0.849711
 0.859827 0.768786 0.606936 0.992775 0.420520 0.632948 0.601156 0.426301
 0.472543 0.203757 0.926301 0.593931 0.812139 0.904624 0.887283 0.787572
 0.497110 0.513006 0.468208 0.916185 0.570809 0.910405 0.984104 0.945087
 0.959538 0.916185 0.803468 0.630058 0.644509 0.900289 0.479769 0.736994
 0.897399 0.367052 0.680636 0.521676 0.778902 0.965318 0.992775 0.975434
 1.000000 0.945087 1.000000 0.618497 0.930636 0.465318 0.241329 0.921965
 0.810694 0.423410 0.606936 0.544798 0.679191 0.862717 0.739884 0.953757
 0.686416 0.697977 0.619942 0.719653 0.578035 0.423410 0.963873 0.294798
 0.885838 0.497110 0.875723 0.725434 0.382948 0.459538 0.486994 0.621387
 0.511561 0.101156 0.537572 0.319364 1.000000 0.966763 0.450867 1.000000
 0.635838 0.828035 0.611272 0.348266 0.401734 0.874277 0.708093 0.671965
 0.622832 0.560694 0.510116 0.576590 0.949422 0.763006 0.505780 0.803468
 0.643064 0.424856 0.867052 0.404624 0.088150 0.459538 0.619942 0.757225
 0.489884 0.650289 0.812139 0.604046 0.511561 0.150289 0.846821 0.583815
 0.565029 0.943642 0.593931 0.521676 0.877168 0.419075 0.000000 0.000000
 0.452312 0.747110 0.471098 0.670520 0.369942 0.112717 0.658960 0.342486
 0.647399 0.612717 0.615607 0.408960 0.343931 0.414740 0.523121 0.498555
 0.271676 0.408960 0.222543 0.302023 0.141618 0.736994 0.458092 0.572254
 0.789017 0.553468 0.637283 0.216763 0.634393 0.346821 0.606936 0.400289
 0.398844 0.364162 0.410405 0.312139 0.729769 0.377168 0.358382 0.287572
 0.369942 0.180636 0.144509 0.408960 0.495665 0.572254 0.539017 0.208092
 0.378613 0.593931 0.430636 0.296243 0.673410 0.400289 0.446532 0.738439
 0.290462 0.507225 0.500000 0.486994 0.248555 0.369942 0.566474 0.747110
 0.325144 0.105491 0.783237 0.854046 1.000000 1.000000 0.965318 0.854046
 0.916185 0.802023 0.854046 0.842486 0.582370 0.986994 0.734104 0.605491
 0.643064 0.541907 0.647399 0.804913 0.777457 0.797688 0.742775 0.696532
 0.770231 0.723988 0.343931 0.965318 0.670520 0.854046 0.797688 1.000000
 0.843931 0.631503 0.777457 0.836705 0.748555 0.846821 0.658960 0.838150
 0.942197 0.241329 0.450867 0.715318 0.602601 0.841040 0.810694 0.921965
 0.760116 0.898844 0.904624 0.728324 0.978324 0.687861 0.310694 0.940751
 0.686416 0.882948 0.414740 0.601156 0.752890 0.526012 0.979769 0.965318
 0.744220 0.723988 0.677746 0.481214 0.706647 0.326590 0.927746 0.212428
 0.869942 0.705202 0.786127 0.810694 0.501445 0.539017 0.544798 0.557803
 0.341040 0.183526 0.784682 0.456647 0.745665 0.692197 0.943642 0.536127
 0.771676 0.888728 0.663295 0.242775 0.352601 0.854046 0.549133 0.624277
 0.731214 0.622832 0.842486 0.395954 0.885838 0.708093 0.329480 0.835260
 0.511561 0.514451 0.645954 0.247110 0.260116 0.261561 0.488439 0.679191
 0.593931 0.544798 0.645954 0.479769 0.128613 0.297688 0.443642 1.000000
 0.403179 0.904624 0.381503 0.507225 0.614162 0.166185 0.000000 0.000000
 0.547688 0.910405 0.387283 0.605491 0.212428 0.144509 0.619942 0.846821
 0.684971 0.830925 0.631503 0.432081 0.744220 0.534682 0.608382 0.630058
 0.589595 0.618497 0.670520 0.604046 0.585260 0.916185 0.748555 0.648844
 0.742775 0.949422 0.806358 0.517341 0.838150 0.812139 0.562139 0.803468
 0.854046 0.653179 0.536127 0.322254 0.553468 0.502890 0.754335 0.640173
 0.547688 0.080925 0.498555 0.528902 0.530347 0.739884 0.397399 0.398844
 0.406069 0.723988 0.852601 0.554913 0.921965 0.923410 0.648844 0.774566
 0.576590 0.738439 0.559249 0.514451 0.489884 0.754335 0.901734 0.742775
 0.598266 0.276012 1.000000 0.982659 0.725434 0.945087 1.000000 1.000000
 1.000000 1.000000 0.955202 1.000000 0.930636 0.962428 0.830925 0.861272
 0.882948 0.734104 0.946532 0.920520 0.942197 0.946532 0.832370 0.943642
 0.355491 0.981214 0.589595 0.705202 0.843931 0.871387 0.947977 0.845376
 0.907514 0.934971 0.916185 0.868497 0.924855 0.783237 0.485549 0.595376
 0.953757 0.968208 0.952312 0.965318 0.955202 1.000000 1.000000 1.000000
 0.924855 1.000000 1.000000 0.982659 1.000000 0.508671 0.310694 1.000000
 0.945087 0.563584 0.796243 0.920520 0.929191 0.926301 0.929191 0.934971
 0.921965 0.882948 0.852601 0.845376 0.916185 0.144509 0.973988 0.236994
 0.880058 0.628613 0.793353 0.628613 0.875723 0.770231 0.718208 0.835260
 0.726879 0.338150 0.880058 0.895954 1.000000 0.917630 0.917630 1.000000
 0.934971 0.776012 0.549133 0.346821 0.323699 0.820809 0.945087 0.859827
 0.723988 0.885838 0.591040 0.250000 0.661850 0.933526 0.192197 0.491329
 0.585260 0.614162 0.736994 0.547688 0.088150 0.630058 0.277457 0.625723
 0.514451 0.742775 0.793353 0.949422 0.621387 0.098266 0.245665 0.976879
 0.473988 0.634393 0.541907 0.888728 0.697977 0.433526 0.000000 0.000000
 0.611272 0.789017 0.313584 0.770231 0.276012 0.199422 0.933526 0.466763
 0.566474 0.458092 0.877168 0.147399 0.670520 0.268786 0.293353 0.781792
 0.391618 0.247110 0.326590 0.504335 0.306358 0.722543 0.387283 0.374277
 0.540462 0.463873 0.381503 0.394509 0.755780 0.562139 0.193642 0.408960
 0.479769 0.354046 0.294798 0.245665 0.644509 0.072254 0.130058 0.176301
 0.375723 0.236994 0.219653 0.267341 0.231214 0.661850 0.072254 0.231214
 0.151734 0.640173 0.354046 0.232659 0.492775 0.381503 0.183526 0.718208
 0.206647 0.323699 0.254335 0.236994 0.222543 0.413295 0.527457 0.465318
 0.452312 0.089595 0.784682 0.585260 0.488439 0.521676 0.911850 0.832370
 0.747110 0.839595 0.736994 0.833815 0.784682 0.744220 0.777457 0.372832
 0.573699 0.394509 0.666185 0.813584 0.606936 0.524566 0.758671 0.315029
 0.518786 0.586705 0.286127 0.755780 0.752890 0.787572 0.627168 0.823699
 0.764451 0.778902 0.770231 0.765896 0.726879 0.609827 0.369942 0.540462
 0.713873 0.319364 0.695087 0.510116 0.618497 0.829480 0.787572 0.813584
 0.712428 0.575145 0.861272 0.617052 0.656069 0.898844 0.235549 0.758671
 0.674855 0.692197 0.635838 0.452312 0.706647 0.660405 0.820809 0.791907
 0.763006 0.546243 0.656069 0.521676 0.641618 0.650289 0.697977 0.783237
 0.861272 0.320809 0.463873 0.692197 0.611272 0.657514 0.575145 0.236994
 0.715318 0.290462 0.547688 0.559249 0.770231 0.976879 0.348266 0.810694
 0.721098 0.763006 0.773121 0.604046 0.384393 0.784682 0.781792 0.734104
 0.819364 0.751445 0.748555 0.736994 0.653179 0.533237 0.684971 0.650289
 0.547688 0.739884 0.852601 0.489884 0.060694 0.317919 0.524566 0.651734
 0.257225 0.317919 0.531792 0.482659 0.280347 0.153179 0.247110 0.622832
 0.453757 0.761561 0.598266 0.731214 0.524566 0.641618 0.000000 0.000000
 0.530347 0.781792 0.083815 0.673410 0.076590 0.101156 0.543353 0.486994
 0.637283 0.578035 0.559249 0.354046 0.455202 0.179191 0.238439 0.570809
 0.465318 0.523121 0.484104 0.310694 0.209538 0.692197 0.576590 0.699422
 0.560694 0.458092 0.349711 0.473988 0.703757 0.825145 0.466763 0.473988
 0.508671 0.494220 0.463873 0.192197 0.618497 0.419075 0.488439 0.336705
 0.473988 0.299133 0.234104 0.297688 0.245665 0.676301 0.221098 0.199422
 0.387283 0.697977 0.531792 0.598266 0.719653 0.586705 0.485549 0.658960
 0.421965 0.486994 0.411850 0.209538 0.170520 0.354046 0.680636 0.741329
 0.458092 0.294798 0.757225 0.440751 0.601156 0.559249 0.797688 0.764451
 0.687861 0.751445 0.663295 0.794798 0.524566 0.881503 0.738439 0.254335
 0.241329 0.299133 0.796243 0.595376 0.628613 0.654624 0.695087 0.591040
 0.359827 0.645954 0.430636 0.812139 0.904624 0.570809 0.703757 0.492775
 0.712428 0.696532 0.450867 0.669075 0.697977 0.778902 0.234104 0.319364
 0.761561 0.578035 0.586705 0.595376 0.781792 0.887283 0.888728 0.849711
 0.904624 0.884393 0.919075 0.716763 0.995665 0.575145 0.342486 0.697977
 0.722543 0.460983 0.511561 0.248555 0.747110 0.670520 0.822254 0.589595
 0.780347 0.702312 0.658960 0.661850 0.365607 0.446532 0.664740 0.476879
 0.671965 0.419075 0.553468 0.765896 0.315029 0.263006 0.434971 0.485549
 0.371387 0.326590 0.559249 0.501445 0.713873 0.640173 0.341040 0.913295
 0.546243 0.731214 0.338150 0.286127 0.192197 0.732659 0.682081 0.511561
 0.566474 0.858382 0.556358 0.371387 0.582370 0.406069 0.356936 0.518786
 0.812139 0.408960 0.289017 0.732659 0.440751 0.706647 0.421965 0.767341
 0.645954 0.725434 0.789017 0.807803 0.871387 0.322254 0.638728 0.673410
 0.336705 0.828035 0.290462 0.421965 0.726879 0.608382 0.000000 0.000000
 0.565029 0.352601 0.130058 0.401734 0.160405 0.070809 0.758671 0.332370
 0.926301 0.622832 0.791907 0.514451 0.617052 0.515896 0.767341 0.819364
 0.682081 0.539017 0.342486 0.825145 0.151734 0.810694 0.929191 0.854046
 0.339595 0.539017 0.232659 0.621387 0.651734 0.950867 0.526012 0.776012
 0.501445 0.341040 0.117052 0.763006 0.719653 0.630058 0.484104 0.494220
 0.598266 0.281792 0.121387 0.091040 0.102601 0.981214 0.076590 0.904624
 0.210983 1.000000 0.141618 0.591040 0.881503 0.797688 0.904624 0.293353
 0.469653 0.505780 0.420520 0.122832 0.248555 0.615607 0.725434 0.900289
 0.421965 0.213873 1.000000 1.000000 0.669075 0.513006 0.869942 1.000000
 1.000000 0.986994 0.968208 0.965318 0.697977 0.906069 0.312139 0.926301
 0.804913 0.182081 0.923410 1.000000 1.000000 0.893064 1.000000 1.000000
 0.835260 0.867052 0.273121 0.932081 0.966763 0.942197 0.715318 0.890173
 0.960983 1.000000 0.763006 0.939306 0.884393 0.640173 1.000000 0.505780
 0.660405 1.000000 1.000000 0.975434 1.000000 0.998555 1.000000 0.998555
 0.919075 0.984104 0.864162 0.976879 1.000000 0.984104 0.893064 1.000000
 0.971098 1.000000 1.000000 0.956647 1.000000 1.000000 1.000000 1.000000
 1.000000 0.932081 0.865607 0.966763 0.956647 0.910405 0.989884 0.151734
 0.911850 0.520231 0.809249 0.949422 0.446532 0.530347 0.761561 0.245665
 0.518786 0.420520 0.466763 0.575145 0.695087 1.000000 0.631503 0.942197
 0.997110 0.748555 0.687861 0.940751 0.484104 0.851156 0.917630 0.723988
 0.939306 0.895954 0.989884 0.550578 0.722543 0.702312 0.504335 0.914740
 0.913295 0.982659 0.921965 0.604046 0.634393 0.910405 0.586705 1.000000
 0.731214 0.921965 0.950867 0.789017 0.962428 0.323699 0.968208 0.722543
 0.343931 0.989884 0.904624 0.929191 0.755780 0.900289 0.000000 0.000000
 0.382948 0.406069 0.135838 0.599711 0.117052 0.088150 0.653179 0.521676
 0.708093 0.484104 0.560694 0.156069 0.540462 0.226879 0.066474 0.358382
 0.515896 0.663295 0.335260 0.530347 0.171965 0.199422 0.550578 0.479769
 0.622832 0.456647 0.533237 0.588150 0.556358 0.580925 0.531792 0.644509
 0.589595 0.309249 0.528902 0.450867 0.505780 0.543353 0.346821 0.277457
 0.628613 0.501445 0.460983 0.403179 0.650289 0.700867 0.050578 0.283237
 0.436416 0.426301 0.218208 0.797688 0.589595 0.622832 0.576590 0.570809
 0.073699 0.566474 0.381503 0.137283 0.135838 0.277457 0.680636 0.501445
 0.082370 0.056358 1.000000 1.000000 0.751445 0.939306 1.000000 0.992775
 1.000000 1.000000 0.972543 1.000000 1.000000 0.867052 0.397399 0.317919
 0.697977 0.796243 0.958093 0.651734 0.783237 0.712428 0.809249 0.673410
 0.515896 0.907514 0.458092 1.000000 1.000000 1.000000 1.000000 1.000000
 1.000000 0.958093 1.000000 0.609827 0.965318 0.875723 0.552023 0.543353
 0.958093 0.517341 0.687861 0.748555 1.000000 1.000000 1.000000 1.000000
 1.000000 0.953757 1.000000 0.661850 0.943642 0.552023 0.338150 1.000000
 1.000000 1.000000 1.000000 1.000000 1.000000 1.000000 1.000000 1.000000
 1.000000 1.000000 1.000000 1.000000 1.000000 0.520231 1.000000 0.677746
 0.546243 0.241329 0.157514 0.748555 0.615607 0.229769 0.488439 0.494220
 0.650289 0.190751 0.747110 0.481214 0.932081 0.576590 0.647399 0.917630
 0.880058 0.784682 0.530347 0.778902 0.492775 0.984104 0.619942 0.750000
 0.732659 0.982659 0.599711 0.299133 0.654624 0.700867 0.835260 0.567919
 0.986994 0.950867 1.000000 0.472543 0.356936 0.484104 0.388728 0.697977
 0.536127 0.783237 0.765896 0.929191 0.741329 0.479769 0.299133 1.000000
 0.628613 0.921965 0.658960 0.465318 0.835260 0.731214 0.000000 0.000000
 0.459538 0.481214 0.040462 0.433526 0.011561 0.044798 0.849711 0.595376
 0.583815 0.825145 0.472543 0.475434 0.891618 0.359827 0.141618 0.848266
 0.541907 0.485549 0.397399 0.304913 0.169075 0.953757 0.843931 0.767341
 0.887283 0.393064 0.410405 0.404624 0.875723 0.450867 0.463873 0.458092
 0.447977 0.265896 0.291908 0.250000 0.784682 0.420520 0.919075 0.677746
 0.140173 0.050578 0.026012 0.213873 0.492775 0.460983 0.098266 0.033237
 0.023121 0.845376 0.332370 0.423410 0.901734 0.550578 0.460983 0.832370
 0.432081 0.504335 0.495665 0.157514 0.018786 0.140173 0.521676 0.365607
 0.390173 0.236994 0.534682 0.466763 0.343931 0.562139 0.895954 0.919075
 0.882948 0.816474 0.919075 0.913295 0.531792 0.709538 0.145954 0.260116
 0.458092 0.281792 0.658960 0.644509 0.602601 0.618497 0.823699 0.729769
 0.427746 0.820809 0.346821 0.572254 0.754335 0.510116 0.851156 0.484104
 0.624277 0.498555 0.706647 0.239884 0.501445 0.823699 0.145954 0.325144
 0.877168 0.442197 0.267341 0.501445 0.565029 0.842486 0.893064 0.872832
 0.569364 0.859827 0.807803 0.505780 0.848266 0.304913 0.166185 0.644509
 0.614162 0.518786 0.485549 0.417630 0.828035 0.842486 0.669075 0.949422
 0.871387 0.676301 0.447977 0.462428 0.494220 0.202312 0.835260 0.261561
 0.930636 0.839595 0.881503 0.898844 0.257225 0.008671 0.484104 0.440751
 0.388728 0.184971 0.645954 0.544798 0.923410 0.888728 0.528902 0.882948
 0.541907 0.361272 0.294798 0.313584 0.213873 0.634393 0.790462 0.508671
 0.793353 0.812139 0.517341 0.226879 0.482659 0.179191 0.547688 0.534682
 0.450867 0.475434 0.950867 0.611272 0.459538 0.511561 0.463873 0.547688
 0.537572 0.612717 0.960983 0.968208 0.500000 0.067919 0.916185 0.465318
 0.384393 0.855491 0.446532 0.417630 0.596821 0.585260 0.000000 0.000000
 0.689306 0.476879 0.121387 0.830925 0.163295 0.195087 0.751445 0.609827
 0.773121 0.647399 0.819364 0.488439 0.752890 0.598266 0.163295 0.852601
 0.592486 0.760116 0.453757 0.440751 0.183526 0.802023 0.787572 0.777457
 0.638728 0.618497 0.773121 0.500000 0.825145 0.741329 0.754335 0.683526
 0.787572 0.702312 0.641618 0.223988 0.750000 0.722543 0.877168 0.485549
 0.462428 0.452312 0.251445 0.569364 0.459538 0.784682 0.251445 0.673410
 0.122832 0.641618 0.342486 0.604046 0.833815 0.812139 0.661850 0.871387
 0.174855 0.604046 0.362717 0.528902 0.261561 0.495665 0.904624 0.722543
 0.589595 0.047688 0.901734 0.819364 0.813584 0.829480 0.901734 0.773121
 0.910405 0.939306 0.849711 0.956647 0.887283 0.799133 0.625723 0.742775
 0.679191 0.465318 0.828035 0.752890 0.619942 0.781792 0.869942 0.864162
 0.755780 0.804913 0.904624 0.927746 0.933526 0.874277 0.978324 0.940751
 0.940751 0.936416 0.956647 0.832370 0.867052 0.891618 0.884393 0.427746
 0.923410 0.618497 0.797688 0.721098 0.784682 0.885838 0.904624 0.872832
 0.871387 0.884393 0.933526 0.763006 0.835260 0.763006 0.372832 0.920520
 0.907514 0.641618 0.771676 0.787572 0.852601 0.855491 0.846821 0.927746
 0.898844 0.875723 0.728324 0.833815 0.865607 0.320809 0.880058 0.482659
 0.940751 0.813584 0.836705 0.868497 0.841040 0.880058 0.920520 0.789017
 0.859827 0.858382 0.817919 0.875723 0.832370 0.898844 0.854046 0.854046
 0.829480 0.934971 0.404624 0.741329 0.261561 0.804913 0.706647 0.732659
 0.851156 0.838150 0.744220 0.083815 0.687861 0.867052 0.770231 0.882948
 0.841040 0.777457 0.882948 0.791907 0.488439 0.777457 0.739884 0.817919
 0.859827 0.861272 0.921965 0.802023 0.836705 0.365607 0.826590 0.750000
 0.192197 0.861272 0.458092 0.536127 0.852601 0.793353 0.000000 0.000000
 0.550578 0.657514 0.447977 0.593931 0.251445 0.046243 0.955202 0.868497
 0.706647 0.504335 0.937861 0.453757 0.794798 0.099711 0.502890 0.742775
 0.534682 0.137283 0.349711 0.589595 0.469653 0.715318 0.549133 0.518786
 0.566474 0.619942 0.553468 0.323699 0.800578 0.449422 0.440751 0.674855
 0.770231 0.539017 0.595376 0.602601 0.583815 0.052023 0.513006 0.212428
 0.828035 0.257225 0.387283 0.547688 0.510116 0.780347 0.280347 0.570809
 0.326590 0.755780 0.458092 0.390173 0.754335 0.917630 0.641618 0.888728
 0.423410 0.637283 0.384393 0.631503 0.478324 0.591040 0.460983 0.611272
 0.533237 0.442197 0.991329 0.812139 0.830925 0.718208 0.972543 0.986994
 0.949422 0.947977 0.960983 0.945087 0.884393 0.988439 0.614162 0.820809
 0.520231 0.859827 0.901734 0.871387 0.703757 0.638728 0.786127 0.710983
 0.559249 0.794798 0.992775 0.979769 0.910405 0.946532 0.880058 0.621387
 0.757225 0.914740 0.945087 0.660405 0.916185 0.989884 0.728324 0.364162
 0.924855 0.973988 1.000000 0.933526 0.991329 1.000000 1.000000 1.000000
 0.989884 1.000000 0.994220 0.882948 1.000000 1.000000 0.815029 1.000000
 0.973988 0.799133 0.897399 0.784682 0.910405 0.924855 0.770231 0.952312
 0.966763 0.936416 0.637283 0.933526 0.955202 0.635838 0.917630 0.732659
 0.819364 0.303468 0.488439 0.549133 0.871387 0.281792 0.497110 0.306358
 0.547688 0.260116 0.342486 0.179191 0.994220 0.722543 0.537572 1.000000
 0.729769 0.919075 0.349711 0.341040 0.580925 0.732659 0.736994 0.569364
 0.881503 0.903179 0.569364 0.095376 0.615607 0.748555 0.627168 0.738439
 0.995665 0.900289 0.572254 0.947977 0.252890 0.732659 0.723988 0.570809
 0.536127 0.787572 0.653179 0.946532 0.567919 0.511561 0.455202 0.874277
 0.508671 0.793353 0.862717 0.910405 0.638728 0.695087 0.000000 0.000000
 0.325144 0.459538 0.365607 0.325144 0.426301 0.127168 0.391618 0.303468
 0.440751 0.362717 0.271676 0.085260 0.534682 0.404624 0.225434 0.163295
 0.421965 0.216763 0.170520 0.397399 0.401734 0.349711 0.630058 0.371387
 0.354046 0.482659 0.567919 0.343931 0.229769 0.460983 0.213873 0.244220
 0.614162 0.429191 0.278902 0.407514 0.377168 0.245665 0.552023 0.236994
 0.268786 0.205202 0.258671 0.469653 0.421965 0.505780 0.150289 0.359827
 0.313584 0.294798 0.144509 0.554913 0.791907 0.596821 0.323699 0.462428
 0.242775 0.423410 0.465318 0.330925 0.119942 0.434971 0.593931 0.586705
 0.351156 0.066474 0.880058 0.936416 0.715318 0.604046 0.906069 0.919075
 0.842486 0.695087 0.829480 0.875723 0.884393 0.898844 0.338150 0.316474
 0.335260 0.413295 0.619942 0.410405 0.420520 0.482659 0.393064 0.729769
 0.452312 0.627168 0.589595 0.712428 0.924855 0.627168 0.666185 0.812139
 0.856936 0.734104 0.741329 0.781792 0.852601 0.826590 0.796243 0.276012
 0.787572 0.833815 0.783237 0.804913 0.890173 0.829480 0.913295 0.797688
 0.848266 0.651734 0.900289 0.833815 0.920520 0.472543 0.578035 0.560694
 0.569364 0.550578 0.690751 0.455202 0.406069 0.643064 0.485549 0.868497
 0.630058 0.586705 0.482659 0.653179 0.543353 0.336705 0.621387 0.569364
 0.661850 0.407514 0.540462 0.580925 0.212428 0.157514 0.437861 0.479769
 0.552023 0.196532 0.250000 0.265896 0.887283 0.585260 0.907514 0.851156
 0.484104 0.635838 0.534682 0.432081 0.563584 0.817919 0.485549 0.619942
 0.763006 0.609827 0.638728 0.426301 0.893064 0.666185 0.472543 0.604046
 0.839595 0.530347 0.647399 0.671965 0.213873 0.721098 0.567919 0.306358
 0.218208 0.475434 0.728324 0.833815 0.427746 0.132948 0.202312 0.867052
 0.618497 0.921965 0.862717 0.351156 0.264451 0.715318 0.000000 0.000000
 0.404624 0.414740 0.378613 0.507225 0.161850 0.108382 0.799133 0.575145
 0.829480 0.696532 0.796243 0.495665 0.504335 0.443642 0.302023 0.527457
 0.663295 0.486994 0.410405 0.351156 0.088150 0.865607 0.530347 0.686416
 0.592486 0.341040 0.322254 0.287572 0.796243 0.686416 0.436416 0.492775
 0.628613 0.187861 0.475434 0.297688 0.612717 0.200867 0.550578 0.437861
 0.663295 0.163295 0.218208 0.445087 0.439306 0.706647 0.283237 0.498555
 0.121387 0.773121 0.833815 0.491329 0.653179 0.541907 0.540462 0.505780
 0.245665 0.257225 0.455202 0.553468 0.066474 0.504335 0.699422 0.513006
 0.203757 0.059249 0.865607 0.927746 0.770231 0.947977 0.919075 0.760116
 0.789017 0.625723 0.667630 0.926301 0.702312 0.669075 0.255780 0.468208
 0.206647 0.433526 0.986994 0.767341 0.416185 0.598266 0.486994 0.791907
 0.280347 0.489884 0.546243 0.764451 0.923410 0.815029 0.508671 1.000000
 0.669075 0.583815 0.510116 0.524566 0.791907 0.686416 0.147399 0.108382
 0.578035 0.885838 0.893064 0.934971 0.971098 0.978324 0.988439 0.994220
 0.858382 1.000000 0.949422 0.995665 0.975434 0.776012 0.079480 0.921965
 0.945087 0.426301 0.390173 0.294798 0.833815 0.851156 0.556358 0.783237
 0.682081 0.812139 0.368497 0.400289 0.368497 0.377168 0.950867 0.908960
 0.588150 0.488439 0.540462 0.569364 0.445087 0.096821 0.276012 0.374277
 0.481214 0.195087 0.748555 0.137283 1.000000 0.920520 0.208092 1.000000
 0.505780 0.748555 0.479769 0.148844 0.154624 0.949422 0.854046 0.755780
 0.723988 0.638728 0.705202 0.065029 0.182081 0.736994 0.528902 0.839595
 0.882948 0.135838 0.877168 0.432081 0.328035 0.552023 0.365607 0.826590
 0.578035 0.702312 0.871387 0.949422 0.401734 0.426301 0.823699 0.812139
 0.501445 1.000000 0.238439 0.231214 0.429191 0.148844 0.000000 0.000000
