 0.502890 0.244220 0.177746 0.700867 0.550578 0.843931 0.732659 0.583815
 0.369942 0.372832 0.750000 0.744220 0.540462 0.523121 0.549133 0.877168
 0.862717 0.910405 0.924855 0.881503 0.799133 0.969653 0.849711 0.884393
 0.875723 0.924855 0.921965 0.377168 0.820809 0.809249 0.510116 0.791907
 0.748555 0.739884 0.906069 0.789017 0.843931 0.968208 0.812139 0.854046
 0.881503 0.848266 0.250000 0.523121 0.903179 0.517341 0.361272 0.497110
 0.526012 0.163295 0.127168 0.855491 0.718208 0.790462 0.867052 0.739884
 0.248555 0.500000 0.679191 0.560694 0.066474 0.894509 0.956647 0.604046
 0.849711 0.699422 0.562139 0.251445 0.502890 0.697977 0.732659 0.625723
 0.843931 0.920520 0.511561 0.940751 0.556358 0.693642 0.528902 0.062139
 0.232659 0.848266 0.679191 0.184971 0.919075 0.865607 0.822254 0.930636
 0.758671 0.247110 0.531792 0.687861 0.137283 0.518786 0.508671 0.695087
 0.689306 0.933526 0.981214 0.786127 0.943642 0.705202 0.254335 0.515896
 0.476879 0.916185 0.932081 0.911850 0.881503 0.761561 0.903179 0.894509
 0.615607 0.911850 0.591040 0.978324 0.971098 0.846821 0.849711 0.946532
 0.841040 0.556358 0.565029 0.888728 0.604046 0.612717 0.838150 0.797688
 0.690751 0.777457 0.843931 0.549133 0.822254 0.848266 0.606936 0.921965
 0.252890 0.184971 0.127168 0.786127 1.000000 1.000000 1.000000 1.000000
 1.000000 0.000000 0.606936 0.671965 0.209538 0.289017 0.302023 1.000000
 0.505780 0.423410 1.000000 1.000000 1.000000 0.673410 0.826590 0.683526
 0.171965 0.222543 0.368497 1.000000 0.380058 0.790462 0.920520 1.000000
 1.000000 1.000000 0.781792 1.000000 0.274566 0.789017 0.229769 0.671965
 0.336705 0.443642 0.164740 0.750000 1.000000 0.848266 1.000000 0.819364
 0.000000 0.160405 0.229769 0.937861 0.145954 1.000000 0.851156 0.105491
 0.862717 0.145954 0.297688 0.329480 0.221098 0.894509 0.683526 0.455202
 0.328035 0.283237 0.335260 0.320809 0.235549 0.898844 1.000000 1.000000
 0.439306 1.000000 0.700867 0.723988 0.859827 0.504335 0.424856 0.680636
 0.413295 0.421965 1.000000 0.278902 0.513006 0.738439 1.000000 0.813584
 1.000000 0.151734 0.513006 1.000000 0.500000 0.502890 1.000000 1.000000
 0.273121 0.773121 1.000000 0.881503 1.000000 0.820809 0.911850 0.273121
 0.843931 0.287572 0.800578 0.223988 0.878613 0.750000 1.000000 0.497110
 0.271676 0.803468 0.849711 1.000000 0.518786 1.000000 0.387283 0.745665
 1.000000 1.000000 0.865607 0.859827 0.920520 0.923410 0.673410 1.000000
 0.849711 0.236994 0.758671 1.000000 0.839595 0.687861 1.000000 0.150289
 0.459538 0.378613 0.144509 0.825145 0.858382 0.687861 0.510116 0.842486
 0.585260 0.482659 0.527457 0.657514 0.329480 0.654624 0.604046 0.559249
 0.608382 0.562139 0.952312 0.515896 0.825145 0.609827 0.450867 0.907514
 0.781792 0.539017 0.446532 0.385838 0.917630 0.713873 0.738439 0.843931
 0.842486 0.752890 0.599711 0.903179 0.686416 0.382948 0.908960 0.988439
 0.556358 0.445087 0.342486 0.268786 0.546243 0.504335 0.640173 0.723988
 0.521676 0.510116 0.585260 0.934971 0.456647 0.592486 0.599711 0.491329
 0.495665 0.293353 0.645954 0.504335 0.326590 0.656069 0.741329 0.500000
 0.752890 0.523121 0.489884 0.203757 0.348266 0.815029 0.890173 0.500000
 0.923410 1.000000 1.000000 0.573699 0.958093 0.429191 0.453757 0.289017
 0.387283 0.968208 0.638728 0.339595 0.634393 0.684971 0.465318 0.841040
 0.934971 0.459538 0.251445 0.838150 0.378613 0.404624 0.598266 0.835260
 0.630058 0.817919 0.969653 0.721098 0.901734 0.884393 0.930636 0.760116
 0.381503 0.715318 0.544798 0.736994 0.835260 0.874277 0.495665 0.868497
 0.722543 0.989884 0.562139 0.628613 0.528902 0.663295 0.547688 0.761561
 0.540462 0.676301 0.436416 0.760116 0.563584 0.627168 0.830925 0.591040
 0.547688 0.764451 0.345376 0.424856 0.810694 0.453757 0.671965 0.459538
 0.073699 0.050578 0.052023 0.458092 0.645954 0.423410 0.248555 0.439306
 0.284682 0.046243 0.309249 0.209538 0.183526 0.601156 0.463873 0.985549
 0.608382 0.877168 0.979769 1.000000 0.937861 0.908960 0.995665 0.965318
 0.602601 0.845376 0.946532 0.132948 0.447977 0.421965 0.420520 0.439306
 0.150289 0.131503 0.955202 0.838150 0.874277 0.804913 0.718208 0.877168
 0.758671 0.828035 0.124277 0.062139 0.962428 0.419075 0.518786 0.336705
 0.197977 0.030347 0.130058 1.000000 0.845376 0.160405 1.000000 0.114162
 0.122832 0.015896 0.476879 0.062139 0.034682 0.937861 0.673410 0.106936
 0.670520 0.437861 0.192197 0.338150 0.239884 0.293353 0.423410 0.488439
 0.770231 0.901734 0.481214 0.877168 0.424856 0.296243 0.091040 0.131503
 0.093931 0.219653 0.358382 0.089595 0.849711 0.916185 0.377168 0.891618
 0.408960 0.394509 0.539017 0.445087 0.154624 0.135838 0.536127 0.546243
 0.277457 0.833815 0.966763 0.475434 0.689306 0.497110 0.333815 0.332370
 0.141618 0.923410 0.793353 0.757225 0.867052 0.986994 0.734104 0.589595
 0.491329 0.962428 0.390173 0.960983 0.992775 0.654624 0.615607 0.832370
 0.148844 0.500000 0.066474 0.885838 0.651734 0.674855 0.687861 0.715318
 0.475434 0.723988 0.468208 0.153179 0.504335 0.059249 0.111272 0.523121
 0.796243 0.747110 0.849711 0.690751 0.976879 0.923410 0.761561 0.916185
 0.838150 0.669075 0.787572 0.871387 0.806358 0.794798 0.908960 0.924855
 0.832370 0.911850 0.969653 1.000000 0.869942 0.958093 0.962428 0.920520
 0.822254 0.914740 0.596821 0.773121 0.924855 0.976879 0.826590 0.861272
 0.710983 0.943642 1.000000 1.000000 0.919075 0.838150 0.822254 0.976879
 0.947977 0.897399 0.742775 0.540462 0.773121 0.767341 0.784682 0.815029
 0.829480 0.622832 0.585260 0.862717 0.794798 0.920520 0.729769 0.713873
 0.589595 0.755780 0.901734 0.705202 0.615607 0.910405 0.690751 0.709538
 0.754335 0.770231 0.939306 0.921965 0.979769 0.973988 0.911850 0.841040
 1.000000 1.000000 0.794798 1.000000 1.000000 1.000000 0.735549 0.778902
 0.543353 0.966763 0.761561 0.778902 0.942197 0.731214 0.592486 0.764451
 0.865607 0.763006 0.797688 0.865607 0.765896 0.828035 0.953757 0.891618
 0.982659 0.851156 0.956647 0.839595 0.998555 0.867052 0.884393 0.923410
 0.578035 1.000000 1.000000 0.953757 1.000000 1.000000 1.000000 0.998555
 1.000000 1.000000 1.000000 1.000000 1.000000 1.000000 0.872832 1.000000
 0.781792 0.728324 0.546243 0.875723 0.731214 0.640173 0.984104 0.952312
 0.869942 0.888728 0.670520 0.735549 0.989884 0.776012 0.955202 1.000000
 0.242775 0.313584 0.122832 0.570809 0.476879 0.354046 0.482659 0.453757
 0.316474 0.208092 0.410405 0.452312 0.343931 0.511561 0.245665 0.687861
 0.553468 0.579480 0.822254 0.826590 0.722543 0.934971 0.549133 0.721098
 0.579480 0.647399 0.513006 0.121387 0.429191 0.511561 0.466763 0.309249
 0.589595 0.528902 0.592486 0.630058 0.723988 0.864162 0.715318 0.368497
 0.744220 0.787572 0.104046 0.072254 0.572254 0.154624 0.663295 0.463873
 0.510116 0.183526 0.089595 0.787572 0.115607 0.419075 0.614162 0.221098
 0.518786 0.210983 0.611272 0.294798 0.326590 0.605491 0.596821 0.355491
 0.598266 0.313584 0.731214 0.320809 0.473988 0.699422 0.715318 0.367052
 0.583815 0.845376 0.728324 0.723988 0.617052 0.173410 0.209538 0.382948
 0.261561 0.537572 0.215318 0.248555 0.645954 0.768786 0.176301 0.601156
 0.177746 0.367052 0.135838 0.458092 0.280347 0.319364 0.893064 0.617052
 0.546243 0.748555 0.907514 0.579480 0.656069 0.326590 0.640173 0.349711
 0.287572 0.825145 0.926301 0.747110 0.826590 0.521676 0.739884 0.706647
 0.893064 0.819364 0.320809 0.770231 0.593931 0.751445 0.648844 0.640173
 0.520231 0.180636 0.226879 0.183526 0.252890 0.206647 0.669075 0.657514
 0.167630 0.356936 0.452312 0.361272 0.393064 0.410405 0.223988 0.804913
 0.118497 0.115607 0.115607 0.384393 0.537572 0.255780 0.099711 0.323699
 0.372832 0.228324 0.140173 0.329480 0.423410 0.255780 0.263006 0.654624
 0.658960 0.794798 0.596821 0.397399 0.933526 0.479769 0.404624 0.576590
 0.773121 0.773121 0.322254 0.229769 0.489884 0.345376 0.258671 0.569364
 0.336705 0.455202 0.507225 0.408960 0.829480 0.699422 0.859827 0.832370
 1.000000 0.843931 0.177746 0.515896 0.865607 0.206647 0.261561 0.216763
 0.593931 0.111272 0.158960 0.595376 0.790462 0.229769 0.869942 0.153179
 0.171965 0.067919 0.304913 0.299133 0.104046 0.738439 0.595376 0.296243
 0.492775 0.177746 0.397399 0.291908 0.352601 0.423410 0.579480 0.333815
 0.745665 0.582370 0.510116 0.767341 0.424856 0.595376 0.200867 0.193642
 0.193642 0.671965 0.255780 0.235549 0.854046 0.736994 0.277457 0.647399
 0.348266 0.286127 0.277457 0.342486 0.195087 0.134393 0.251445 0.380058
 0.328035 0.838150 0.384393 0.390173 0.786127 0.484104 0.319364 0.443642
 0.323699 0.520231 1.000000 0.695087 0.578035 0.439306 0.695087 0.695087
 0.161850 0.654624 0.539017 0.825145 0.719653 0.628613 0.456647 0.816474
 0.526012 0.400289 0.423410 0.608382 0.459538 0.411850 0.774566 0.544798
 0.466763 0.521676 0.322254 0.567919 0.608382 0.478324 0.439306 0.176301
 0.251445 0.252890 0.729769 0.968208 0.817919 0.940751 0.643064 0.593931
 0.515896 0.053468 0.486994 0.908960 0.497110 0.631503 0.491329 0.894509
 0.851156 0.845376 0.939306 0.851156 0.820809 0.547688 0.713873 0.868497
 0.965318 0.900289 0.663295 0.471098 0.790462 0.569364 0.277457 0.926301
 0.609827 0.790462 0.908960 0.689306 0.747110 0.923410 0.747110 0.936416
 0.549133 0.748555 0.163295 0.119942 0.855491 0.138728 0.832370 0.158960
 0.416185 0.135838 0.033237 0.855491 0.653179 0.903179 0.812139 0.102601
 0.270231 0.047688 0.781792 0.511561 0.436416 0.898844 0.846821 0.742775
 0.667630 0.143064 0.862717 0.348266 0.248555 0.962428 0.643064 0.719653
 0.962428 1.000000 0.820809 0.852601 0.799133 0.459538 0.427746 0.637283
 0.054913 0.919075 0.536127 0.265896 0.872832 0.783237 0.867052 0.780347
 0.556358 0.222543 0.695087 0.768786 0.076590 0.437861 0.959538 0.683526
 0.858382 0.809249 0.965318 0.803468 0.804913 0.715318 0.469653 0.692197
 0.507225 0.982659 0.960983 0.949422 0.926301 0.895954 0.868497 0.968208
 0.735549 1.000000 0.960983 0.817919 0.920520 1.000000 0.952312 1.000000
 0.793353 0.835260 0.053468 0.754335 0.176301 0.518786 0.945087 0.832370
 0.822254 0.884393 0.521676 0.263006 0.894509 0.709538 0.653179 0.187861
 0.135838 0.250000 0.315029 0.676301 0.721098 0.621387 0.442197 0.473988
 0.267341 0.179191 0.472543 0.239884 0.271676 0.426301 0.342486 0.658960
 0.658960 0.514451 0.773121 0.619942 0.716763 0.657514 0.575145 0.596821
 0.517341 0.420520 0.488439 0.235549 0.794798 0.539017 0.796243 0.598266
 0.932081 0.940751 0.869942 0.686416 0.547688 0.671965 0.547688 0.822254
 0.666185 0.614162 0.108382 0.484104 0.851156 0.354046 0.508671 0.244220
 0.222543 0.040462 0.034682 0.696532 0.173410 0.800578 0.690751 0.346821
 0.160405 0.195087 0.276012 0.274566 0.515896 0.716763 0.359827 0.650289
 0.554913 0.169075 0.437861 0.566474 0.518786 0.640173 0.419075 0.598266
 0.812139 0.585260 0.888728 0.958093 0.544798 0.543353 0.190751 0.257225
 0.130058 0.491329 0.445087 0.473988 0.926301 0.855491 0.767341 0.588150
 0.449422 0.250000 0.241329 0.371387 0.073699 0.358382 0.557803 0.693642
 0.276012 0.494220 0.643064 0.573699 0.929191 0.320809 0.361272 0.378613
 0.384393 0.777457 0.826590 0.589595 1.000000 0.812139 0.823699 0.778902
 0.790462 1.000000 0.303468 1.000000 0.929191 0.484104 1.000000 0.778902
 0.215318 0.356936 0.300578 0.437861 0.369942 0.446532 0.582370 0.521676
 0.888728 0.403179 0.492775 0.433526 0.500000 0.095376 0.427746 0.952312
 0.371387 0.186416 0.150289 0.533237 0.751445 0.664740 0.345376 0.666185
 0.274566 0.223988 0.351156 0.297688 0.433526 0.572254 0.309249 0.497110
 0.471098 0.436416 0.725434 0.591040 0.806358 0.907514 0.797688 0.596821
 0.723988 0.637283 0.608382 0.248555 0.485549 0.533237 0.281792 0.533237
 0.598266 0.478324 0.410405 0.645954 0.575145 0.387283 0.495665 0.828035
 0.926301 0.332370 0.164740 0.250000 0.656069 0.468208 0.476879 0.398844
 0.216763 0.140173 0.718208 0.663295 0.510116 0.488439 0.460983 0.273121
 0.718208 0.222543 0.421965 0.320809 0.076590 0.547688 0.239884 0.319364
 0.439306 0.264451 0.400289 0.638728 0.515896 0.573699 0.605491 0.462428
 0.628613 1.000000 0.763006 0.630058 0.768786 0.628613 0.319364 0.374277
 0.302023 0.565029 0.507225 0.374277 0.501445 0.473988 0.495665 0.523121
 0.463873 0.440751 0.414740 0.645954 0.309249 0.741329 0.768786 0.725434
 0.372832 0.400289 0.767341 0.500000 0.958093 0.621387 0.612717 0.203757
 0.423410 0.565029 0.745665 0.578035 0.755780 0.606936 0.463873 0.528902
 0.453757 0.742775 0.706647 0.768786 0.559249 0.700867 0.595376 0.644509
 0.332370 0.544798 0.495665 0.417630 0.572254 0.476879 0.546243 0.484104
 0.453757 0.310694 0.234104 0.242775 0.491329 0.486994 0.354046 0.387283
 0.079480 0.148844 0.268786 0.554913 0.541907 0.349711 0.552023 0.166185
 0.517341 0.427746 0.164740 0.618497 0.226879 0.586705 0.352601 0.682081
 0.494220 0.472543 0.904624 0.755780 0.793353 0.592486 0.796243 0.946532
 0.881503 0.442197 0.186416 0.076590 0.654624 0.699422 0.273121 0.552023
 0.534682 0.154624 0.894509 0.919075 0.606936 0.552023 0.800578 0.916185
 0.682081 0.617052 0.134393 0.072254 0.891618 0.566474 0.578035 0.518786
 0.520231 0.236994 0.210983 0.553468 0.500000 0.511561 0.803468 0.223988
 0.413295 0.261561 0.408960 0.517341 0.302023 0.660405 0.917630 0.491329
 0.567919 0.238439 0.421965 0.695087 0.712428 0.582370 0.783237 0.813584
 0.533237 0.764451 0.458092 0.622832 0.398844 0.591040 0.322254 0.294798
 0.108382 0.550578 0.377168 0.054913 0.663295 0.842486 0.161850 0.495665
 0.274566 0.247110 0.365607 0.502890 0.106936 0.719653 0.592486 0.739884
 0.485549 0.589595 0.752890 0.628613 0.722543 0.332370 0.501445 0.575145
 0.137283 1.000000 1.000000 0.861272 1.000000 1.000000 0.680636 1.000000
 0.468208 1.000000 0.471098 1.000000 1.000000 1.000000 0.985549 1.000000
 0.778902 0.511561 0.734104 0.410405 0.296243 0.236994 0.111272 0.570809
 0.427746 0.313584 0.176301 0.375723 0.203757 0.102601 0.235549 1.000000
 0.395954 0.281792 0.517341 0.573699 0.670520 0.475434 0.424856 0.768786
 0.196532 0.127168 0.595376 0.588150 0.300578 0.621387 0.263006 0.630058
 0.371387 0.333815 0.565029 0.579480 0.669075 0.906069 0.582370 0.725434
 0.559249 0.442197 0.385838 0.273121 0.576590 0.447977 0.705202 0.560694
 0.479769 0.365607 0.559249 0.664740 0.328035 0.514451 0.611272 0.573699
 0.624277 0.566474 0.263006 0.150289 0.644509 0.117052 0.721098 0.547688
 0.323699 0.518786 0.231214 0.871387 0.468208 0.684971 0.304913 0.148844
 0.222543 0.088150 0.579480 0.501445 0.193642 0.602601 0.682081 0.330925
 0.497110 0.232659 0.554913 0.619942 0.303468 0.638728 0.660405 0.312139
 0.825145 0.637283 0.856936 0.739884 0.608382 0.536127 0.115607 0.101156
 0.255780 0.628613 0.513006 0.287572 0.658960 0.812139 0.339595 0.573699
 0.635838 0.485549 0.645954 0.716763 0.362717 0.664740 1.000000 0.700867
 0.800578 0.836705 0.919075 0.660405 0.708093 0.682081 0.533237 0.523121
 0.416185 0.875723 0.543353 0.575145 0.755780 0.592486 0.851156 0.689306
 0.565029 0.674855 0.582370 0.777457 0.671965 0.513006 0.706647 0.848266
 0.543353 0.585260 0.313584 0.630058 0.595376 0.543353 0.526012 0.605491
 0.528902 0.391618 0.638728 0.640173 0.580925 0.317919 0.591040 0.328035
 0.195087 0.112717 0.027457 0.494220 0.507225 0.588150 0.466763 0.517341
 0.293353 0.046243 0.491329 0.598266 0.433526 0.171965 0.530347 0.992775
 0.536127 0.763006 0.998555 0.955202 0.926301 0.884393 0.966763 0.988439
 0.962428 0.601156 0.161850 0.079480 0.578035 0.404624 0.134393 0.671965
 0.442197 0.541907 0.747110 0.939306 0.911850 0.933526 0.742775 0.945087
 0.588150 0.742775 0.093931 0.151734 0.939306 0.536127 0.547688 0.507225
 0.250000 0.021676 0.115607 0.998555 0.456647 0.593931 0.939306 0.553468
 0.302023 0.140173 0.368497 0.397399 0.036127 0.986994 0.973988 0.430636
 0.582370 0.046243 0.508671 0.093931 0.232659 0.495665 0.471098 0.586705
 0.842486 0.991329 0.359827 0.884393 0.760116 0.631503 0.098266 0.065029
 0.037572 0.513006 0.510116 0.054913 0.776012 0.979769 0.328035 0.962428
 0.513006 0.124277 0.293353 0.514451 0.037572 0.403179 0.530347 0.504335
 0.526012 0.544798 0.985549 0.492775 0.884393 0.615607 0.537572 0.390173
 0.151734 0.804913 0.978324 0.838150 0.986994 0.927746 0.979769 0.533237
 0.037572 0.998555 0.093931 0.981214 0.995665 0.981214 0.981214 0.933526
 0.440751 0.151734 0.057803 0.469653 0.338150 0.105491 0.895954 0.497110
 0.228324 0.816474 0.513006 0.151734 0.043353 0.018786 0.278902 0.660405
 0.106936 0.039017 0.057803 0.468208 0.667630 0.631503 0.494220 0.602601
 0.336705 0.054913 0.449422 0.400289 0.268786 0.644509 0.369942 0.816474
 0.718208 0.817919 0.826590 0.723988 0.871387 0.777457 0.887283 0.634393
 0.856936 0.791907 0.900289 0.069364 0.661850 0.784682 0.712428 0.846821
 0.747110 0.739884 0.763006 0.917630 0.511561 0.877168 0.864162 0.921965
 0.776012 0.722543 0.132948 0.106936 0.682081 0.182081 0.589595 0.575145
 0.247110 0.056358 0.330925 0.791907 0.898844 0.660405 0.747110 0.049133
 0.317919 0.127168 0.712428 0.429191 0.223988 0.842486 0.803468 0.722543
 0.815029 0.721098 0.419075 0.096821 0.513006 0.605491 0.645954 0.773121
 0.890173 0.894509 0.326590 0.830925 0.488439 0.413295 0.302023 0.229769
 0.151734 0.653179 0.768786 0.316474 0.914740 0.829480 0.725434 0.815029
 0.476879 0.291908 0.213873 0.585260 0.089595 0.170520 0.488439 0.592486
 0.446532 0.650289 0.893064 0.910405 0.914740 0.653179 0.219653 0.317919
 0.289017 0.739884 0.813584 0.767341 0.869942 0.891618 0.851156 0.612717
 0.608382 0.932081 0.586705 0.888728 0.830925 0.729769 0.786127 0.926301
 0.579480 0.540462 0.553468 0.745665 0.780347 0.591040 0.755780 0.836705
 0.745665 0.842486 0.748555 0.553468 0.430636 0.492775 0.611272 0.242775
 0.488439 0.140173 0.140173 0.653179 0.855491 0.940751 0.628613 0.651734
 0.666185 0.541907 0.813584 0.686416 0.395954 0.768786 0.501445 0.517341
 0.333815 0.307803 0.859827 0.880058 0.618497 0.608382 0.518786 0.606936
 0.890173 0.719653 0.502890 0.505780 0.231214 0.468208 0.505780 0.950867
 0.505780 0.783237 0.868497 0.547688 0.367052 0.255780 0.673410 0.898844
 0.578035 0.163295 0.082370 0.260116 0.484104 0.556358 0.631503 0.497110
 0.771676 0.492775 0.472543 0.968208 0.050578 0.501445 0.485549 0.458092
 0.518786 0.226879 0.893064 0.271676 0.271676 0.345376 0.054913 0.526012
 0.102601 0.381503 0.940751 0.390173 0.926301 0.911850 0.842486 0.933526
 0.986994 0.791907 0.726879 0.952312 0.800578 0.768786 0.265896 0.430636
 0.465318 0.868497 0.689306 0.543353 0.511561 0.650289 0.563584 0.832370
 0.559249 0.562139 0.369942 0.858382 0.400289 0.595376 0.858382 0.803468
 0.543353 0.595376 0.878613 0.679191 0.741329 0.635838 0.592486 0.884393
 0.553468 0.979769 1.000000 0.950867 1.000000 0.926301 0.984104 0.927746
 1.000000 0.726879 1.000000 1.000000 0.716763 0.868497 0.984104 0.684971
 0.289017 0.819364 0.075145 0.855491 0.524566 0.481214 0.514451 0.391618
 0.319364 0.062139 0.589595 0.117052 0.605491 0.242775 0.552023 0.799133
 0.482659 0.348266 0.380058 0.546243 0.822254 0.638728 0.637283 0.799133
 0.463873 0.089595 0.481214 0.893064 0.361272 0.601156 0.656069 0.442197
 0.631503 0.601156 0.893064 0.734104 0.767341 0.614162 0.816474 0.768786
 0.368497 0.735549 0.429191 0.601156 0.793353 0.394509 0.534682 0.791907
 0.475434 0.634393 0.468208 0.638728 0.429191 0.557803 0.343931 0.546243
 0.682081 0.420520 0.130058 0.552023 0.213873 0.592486 0.731214 0.579480
 0.135838 0.260116 0.290462 0.799133 0.218208 0.903179 0.810694 0.465318
 0.352601 0.391618 0.601156 0.371387 0.326590 0.486994 0.206647 0.618497
 0.333815 0.329480 0.468208 0.304913 0.407514 0.764451 0.565029 0.835260
 0.806358 0.872832 0.670520 0.742775 0.885838 0.488439 0.463873 0.309249
 0.260116 0.569364 0.374277 0.372832 0.580925 0.758671 0.644509 0.569364
 0.658960 0.296243 0.578035 0.641618 0.286127 0.660405 0.817919 0.498555
 0.645954 0.236994 0.773121 0.654624 0.341040 0.650289 0.674855 0.654624
 0.358382 0.491329 0.294798 0.437861 0.580925 0.460983 0.585260 0.763006
 0.445087 0.708093 0.316474 0.592486 0.362717 0.562139 0.424856 0.570809
 0.585260 0.473988 0.264451 0.591040 0.268786 0.420520 0.388728 0.828035
 0.735549 0.335260 0.557803 0.325144 0.361272 0.157514 0.479769 0.294798
 0.021676 0.018786 0.287572 0.540462 0.786127 0.508671 0.245665 0.193642
 0.291908 0.329480 0.040462 0.394509 0.310694 0.836705 0.361272 0.632948
 0.621387 0.447977 0.943642 0.771676 0.778902 0.566474 0.773121 0.595376
 0.976879 0.908960 0.632948 0.131503 0.257225 0.343931 0.056358 0.539017
 0.481214 0.466763 0.582370 0.895954 0.669075 0.518786 0.515896 0.947977
 0.643064 0.596821 0.046243 0.161850 0.482659 0.362717 0.205202 0.241329
 0.416185 0.171965 0.264451 0.842486 0.796243 0.293353 0.686416 0.078035
 0.156069 0.073699 0.608382 0.406069 0.143064 0.693642 0.518786 0.384393
 0.517341 0.184971 0.406069 0.173410 0.394509 0.210983 0.500000 0.300578
 0.695087 0.696532 0.062139 0.786127 0.484104 0.086705 0.303468 0.147399
 0.276012 0.906069 0.408960 0.137283 0.687861 0.760116 0.212428 0.378613
 0.024566 0.147399 0.200867 0.200867 0.179191 0.140173 0.880058 0.582370
 0.037572 0.465318 0.604046 0.460983 0.745665 0.215318 0.137283 0.518786
 0.478324 0.891618 0.861272 0.751445 1.000000 0.758671 0.845376 0.236994
 0.705202 0.765896 0.940751 0.945087 0.919075 0.939306 0.787572 0.962428
 0.248555 0.161850 0.395954 0.566474 0.313584 0.670520 0.430636 0.455202
 0.631503 0.562139 0.440751 0.108382 0.374277 0.426301 0.518786 0.838150
