 0.552023 0.530347 0.527457 0.765896 0.599711 0.812139 0.887283 0.947977
 0.895954 0.755780 0.797688 0.699422 0.796243 0.852601 0.615607 0.683526
 0.671965 0.673410 0.713873 0.945087 0.372832 0.758671 0.549133 0.247110
 0.460983 0.690751 0.750000 0.510116 0.773121 0.543353 0.524566 0.014451
 0.895954 0.777457 0.764451 0.513006 0.734104 0.608382 0.781792 0.433526
 0.901734 0.861272 0.544798 0.468208 0.552023 0.858382 0.092486 0.531792
 0.708093 0.712428 0.617052 0.390173 0.497110 0.533237 0.131503 0.494220
 0.286127 0.663295 0.911850 0.940751 0.891618 0.696532 0.736994 0.745665
 0.421965 0.537572 0.851156 0.920520 0.997110 0.787572 0.864162 0.436416
 0.291908 0.690751 0.611272 0.839595 0.660405 0.723988 0.599711 0.031792
 0.125723 0.695087 0.732659 0.845376 0.676301 0.017341 0.546243 0.369942
 0.527457 0.599711 0.900289 0.924855 0.543353 0.880058 0.452312 0.849711
 0.526012 0.604046 0.778902 0.868497 0.757225 0.679191 0.852601 0.544798
 0.893064 0.874277 0.446532 0.758671 0.645954 0.976879 0.754335 0.700867
 0.628613 0.774566 0.365607 0.463873 0.919075 0.544798 0.965318 0.891618
 0.507225 0.920520 0.697977 0.079480 0.537572 0.494220 0.611272 0.690751
 0.040462 0.751445 0.755780 0.891618 0.615607 0.921965 0.497110 0.618497
 0.887283 0.650289 0.689306 0.031792 0.752890 0.736994 0.617052 0.513006
 0.040462 0.562139 0.530347 0.852601 0.783237 0.601156 0.653179 0.514451
 0.028902 0.000000 0.000000 0.000000 0.000000 0.000000 0.000000 0.000000
 0.381503 0.158960 0.000000 1.000000 0.390173 0.343931 1.000000 1.000000
 0.921965 0.693642 1.000000 0.919075 1.000000 1.000000 1.000000 0.065029
 1.000000 0.434971 0.690751 1.000000 0.079480 1.000000 0.336705 0.804913
 0.095376 0.485549 1.000000 1.000000 1.000000 0.693642 0.156069 0.164740
 0.339595 1.000000 1.000000 0.082370 0.686416 0.330925 0.830925 0.251445
 0.693642 1.000000 0.251445 0.501445 0.511561 0.089595 0.092486 0.354046
 0.069364 0.842486 0.852601 0.570809 0.728324 0.248555 0.166185 0.158960
 0.913295 0.901734 1.000000 1.000000 0.946532 0.169075 1.000000 1.000000
 0.157514 0.635838 0.225434 1.000000 1.000000 0.800578 1.000000 0.105491
 0.080925 1.000000 1.000000 0.453757 0.871387 0.390173 0.855491 0.054913
 0.336705 0.247110 1.000000 1.000000 1.000000 0.000000 0.030347 0.356936
 0.153179 1.000000 1.000000 0.796243 0.736994 1.000000 0.673410 0.851156
 0.663295 0.570809 1.000000 0.900289 0.945087 0.179191 1.000000 0.858382
 0.693642 1.000000 0.780347 0.225434 0.416185 0.196532 1.000000 0.926301
 1.000000 0.401734 0.124277 0.079480 1.000000 0.797688 0.693642 0.345376
 1.000000 1.000000 1.000000 0.000000 0.063584 0.921965 1.000000 0.054913
 0.169075 1.000000 0.436416 1.000000 1.000000 0.488439 0.164740 1.000000
 1.000000 1.000000 1.000000 0.057803 0.433526 1.000000 1.000000 0.215318
 0.180636 1.000000 0.836705 1.000000 0.687861 0.342486 0.169075 0.761561
 0.000000 0.000000 0.000000 0.000000 0.000000 0.000000 0.000000 0.000000
 0.760116 0.648844 0.268786 0.890173 0.953757 0.923410 0.952312 1.000000
 0.926301 0.862717 0.955202 0.997110 0.966763 0.900289 0.549133 0.829480
 0.820809 0.644509 0.914740 0.791907 0.513006 0.856936 0.725434 0.898844
 0.372832 0.806358 0.950867 0.820809 1.000000 0.767341 0.927746 0.276012
 0.715318 0.829480 0.842486 0.517341 0.747110 0.734104 0.510116 0.783237
 1.000000 1.000000 0.731214 0.735549 0.586705 0.728324 0.641618 0.513006
 0.722543 0.771676 0.900289 0.573699 0.606936 0.547688 0.349711 0.576590
 0.583815 0.508671 0.933526 1.000000 1.000000 0.567919 0.916185 0.973988
 0.442197 0.687861 0.920520 0.869942 0.972543 0.712428 0.692197 0.598266
 0.316474 0.789017 0.791907 0.901734 0.877168 0.981214 0.767341 0.492775
 0.505780 0.843931 0.816474 1.000000 0.842486 0.338150 0.533237 0.501445
 0.553468 0.849711 0.904624 0.923410 0.855491 0.960983 0.442197 0.851156
 1.000000 0.862717 0.800578 0.502890 0.809249 0.554913 0.744220 0.601156
 0.755780 0.969653 0.510116 0.794798 0.586705 0.917630 0.930636 0.916185
 0.846821 0.565029 0.777457 0.504335 0.719653 0.809249 0.514451 0.858382
 0.859827 0.962428 0.933526 0.434971 0.335260 0.513006 0.963873 0.498555
 0.209538 0.816474 0.836705 0.907514 0.852601 0.976879 0.747110 0.709538
 0.946532 0.933526 0.830925 0.057803 0.803468 0.907514 0.869942 0.303468
 0.169075 0.736994 0.598266 0.966763 0.726879 0.777457 0.384393 0.728324
 0.197977 0.000000 0.000000 0.000000 0.000000 0.000000 0.000000 0.000000
 0.619942 0.687861 0.115607 0.858382 0.479769 0.296243 0.972543 0.965318
 1.000000 0.975434 0.846821 0.982659 0.988439 0.960983 0.130058 0.645954
 0.855491 0.634393 0.865607 1.000000 0.265896 0.703757 0.092486 0.062139
 0.442197 0.851156 0.955202 0.557803 0.825145 0.632948 0.274566 0.088150
 0.995665 0.930636 0.712428 0.137283 0.699422 0.460983 0.628613 0.699422
 0.981214 0.968208 0.601156 0.407514 0.903179 0.612717 0.056358 0.299133
 0.407514 0.932081 0.978324 0.309249 0.111272 0.583815 0.186416 0.459538
 0.450867 0.721098 0.799133 1.000000 1.000000 0.569364 0.789017 0.836705
 0.767341 0.895954 0.917630 0.969653 0.752890 0.946532 0.476879 0.943642
 0.128613 0.906069 0.947977 0.609827 0.971098 0.838150 0.534682 0.054913
 0.091040 0.426301 0.968208 0.965318 0.867052 0.053468 0.184971 0.671965
 0.316474 0.877168 0.830925 0.770231 0.859827 0.630058 0.196532 0.992775
 0.539017 0.297688 0.589595 0.434971 0.807803 0.709538 0.673410 0.695087
 0.761561 0.663295 0.195087 0.895954 0.846821 0.985549 0.848266 0.871387
 0.543353 0.666185 0.147399 0.140173 0.731214 0.719653 0.369942 0.923410
 0.960983 0.895954 0.874277 0.150289 0.355491 0.536127 0.975434 0.611272
 0.122832 0.835260 0.871387 0.979769 0.945087 0.894509 0.481214 0.981214
 0.926301 0.667630 0.669075 0.024566 0.968208 0.971098 0.900289 0.755780
 0.085260 0.851156 0.617052 0.956647 0.965318 0.729769 0.192197 0.580925
 0.290462 0.000000 0.000000 0.000000 0.000000 0.000000 0.000000 0.000000
 0.815029 0.859827 0.656069 0.969653 0.916185 0.881503 1.000000 0.979769
 1.000000 0.609827 0.910405 1.000000 0.881503 0.852601 0.813584 0.778902
 0.901734 0.763006 0.979769 0.942197 0.744220 0.904624 0.895954 0.543353
 0.216763 0.664740 0.958093 0.867052 0.943642 0.969653 0.856936 0.176301
 0.536127 0.765896 0.969653 0.044798 0.744220 0.937861 0.778902 0.767341
 0.848266 0.932081 0.871387 0.473988 0.773121 0.588150 0.754335 0.700867
 0.803468 0.661850 0.901734 0.627168 0.527457 0.885838 0.579480 0.677746
 0.784682 0.856936 1.000000 1.000000 1.000000 0.878613 0.813584 0.859827
 0.693642 0.955202 0.973988 0.950867 0.937861 0.978324 0.926301 0.901734
 0.848266 1.000000 1.000000 1.000000 0.631503 0.953757 0.687861 0.514451
 0.507225 0.617052 0.982659 0.777457 1.000000 0.511561 0.991329 0.764451
 0.836705 0.859827 0.969653 0.838150 0.884393 1.000000 0.765896 0.926301
 0.934971 0.848266 0.790462 0.709538 0.976879 0.741329 1.000000 0.942197
 0.605491 1.000000 0.838150 1.000000 0.913295 0.914740 1.000000 0.817919
 0.982659 0.789017 0.900289 1.000000 0.972543 0.881503 0.981214 0.829480
 0.877168 0.956647 0.985549 0.583815 0.341040 0.890173 0.778902 0.770231
 0.294798 0.813584 0.689306 0.952312 0.826590 0.979769 1.000000 0.858382
 0.982659 0.865607 0.962428 0.264451 0.758671 0.859827 0.869942 0.891618
 0.049133 1.000000 0.709538 0.946532 0.904624 0.826590 0.901734 0.791907
 0.524566 0.000000 0.000000 0.000000 0.000000 0.000000 0.000000 0.000000
 0.429191 0.257225 0.502890 0.497110 0.466763 0.718208 0.880058 0.804913
 0.910405 0.527457 0.615607 0.936416 0.908960 0.738439 0.208092 0.670520
 0.601156 0.589595 0.645954 1.000000 0.794798 0.650289 0.459538 0.355491
 0.060694 0.609827 0.617052 0.663295 0.767341 0.414740 0.589595 0.039017
 0.637283 0.719653 0.747110 0.069364 0.513006 0.469653 0.442197 0.523121
 0.576590 0.585260 0.449422 0.684971 0.455202 0.677746 0.280347 0.566474
 0.140173 0.893064 0.750000 0.593931 0.215318 0.252890 0.469653 0.206647
 0.580925 0.368497 0.817919 0.975434 0.631503 0.401734 0.676301 0.640173
 0.466763 0.632948 0.671965 0.617052 0.592486 0.602601 0.611272 0.520231
 0.385838 0.799133 0.761561 0.644509 0.708093 0.543353 0.758671 0.319364
 0.300578 0.260116 0.719653 0.843931 0.690751 0.171965 0.278902 0.377168
 0.466763 0.611272 0.861272 0.738439 0.497110 0.660405 0.424856 0.874277
 0.855491 0.517341 0.556358 0.539017 0.527457 0.439306 0.673410 0.488439
 0.598266 0.752890 0.460983 0.680636 0.252890 0.906069 1.000000 0.397399
 0.368497 0.546243 0.329480 0.420520 0.508671 0.527457 0.374277 0.510116
 0.809249 0.684971 0.684971 0.056358 0.057803 0.377168 0.832370 0.196532
 0.072254 0.540462 0.710983 0.830925 0.459538 0.741329 0.075145 0.369942
 0.716763 0.539017 0.687861 0.054913 0.488439 0.580925 0.751445 0.495665
 0.046243 0.533237 0.411850 0.765896 0.632948 0.582370 0.504335 0.518786
 0.031792 0.000000 0.000000 0.000000 0.000000 0.000000 0.000000 0.000000
 0.398844 0.520231 0.346821 0.703757 0.617052 0.706647 0.841040 0.683526
 0.592486 0.404624 0.696532 0.725434 0.709538 0.364162 0.628613 0.330925
 0.692197 0.566474 0.773121 0.859827 0.302023 0.765896 0.186416 0.507225
 0.160405 0.374277 0.666185 0.565029 0.710983 0.442197 0.695087 0.013006
 0.687861 0.319364 0.790462 0.067919 0.697977 0.307803 0.524566 0.716763
 0.630058 0.643064 0.261561 0.459538 0.526012 0.683526 0.144509 0.486994
 0.712428 0.721098 0.449422 0.271676 0.673410 0.632948 0.265896 0.205202
 0.518786 0.242775 0.705202 0.851156 0.510116 0.192197 0.697977 0.634393
 0.449422 0.388728 0.738439 0.856936 0.838150 0.763006 0.745665 0.741329
 0.111272 0.828035 0.679191 0.482659 0.645954 0.712428 0.947977 0.153179
 0.398844 0.445087 0.695087 0.761561 0.500000 0.108382 0.158960 0.497110
 0.251445 0.472543 0.593931 0.666185 0.416185 0.605491 0.255780 0.735549
 0.726879 0.682081 0.346821 0.401734 0.494220 0.341040 0.881503 0.816474
 0.546243 0.635838 0.309249 0.527457 0.277457 0.752890 0.708093 0.641618
 0.440751 0.416185 0.109827 0.342486 0.692197 0.479769 0.339595 0.673410
 0.764451 0.637283 0.638728 0.261561 0.622832 0.453757 0.673410 0.447977
 0.229769 0.575145 0.582370 0.703757 0.624277 0.294798 0.729769 0.374277
 0.697977 0.750000 0.674855 0.011561 0.420520 0.729769 0.699422 0.276012
 0.127168 0.560694 0.687861 0.686416 0.732659 0.378613 0.338150 0.554913
 0.102601 0.000000 0.000000 0.000000 0.000000 0.000000 0.000000 0.000000
 0.459538 0.432081 0.082370 0.939306 0.539017 0.708093 1.000000 0.836705
 0.960983 0.722543 0.803468 0.997110 0.949422 0.836705 0.777457 0.417630
 0.797688 0.333815 0.780347 0.947977 0.371387 0.952312 0.455202 0.504335
 0.118497 0.469653 0.937861 0.946532 0.851156 0.446532 0.463873 0.093931
 0.670520 0.906069 0.906069 0.300578 0.739884 0.306358 0.648844 0.492775
 0.881503 0.820809 0.741329 0.828035 0.508671 0.546243 0.141618 0.306358
 0.307803 0.971098 0.812139 0.802023 0.265896 0.397399 0.501445 0.252890
 0.617052 0.543353 0.848266 1.000000 0.881503 0.486994 0.934971 0.819364
 0.148844 0.796243 0.913295 0.862717 0.809249 0.936416 1.000000 0.916185
 0.164740 0.946532 0.966763 0.407514 0.867052 0.817919 0.193642 0.076590
 0.109827 0.251445 0.661850 0.861272 0.816474 0.085260 0.387283 0.430636
 0.304913 0.786127 0.942197 0.852601 0.784682 0.745665 0.273121 0.624277
 0.761561 0.502890 0.394509 0.134393 0.887283 0.436416 0.924855 0.927746
 0.482659 0.832370 0.180636 0.628613 0.302023 0.627168 0.835260 0.852601
 0.406069 0.489884 0.180636 0.330925 0.854046 0.576590 0.271676 0.417630
 0.945087 0.832370 0.933526 0.372832 0.180636 0.527457 0.934971 0.501445
 0.145954 0.943642 0.601156 0.851156 0.965318 0.914740 0.388728 0.531792
 0.903179 0.468208 0.734104 0.092486 0.513006 0.567919 0.823699 0.365607
 0.057803 0.835260 0.346821 0.891618 0.874277 0.377168 0.143064 0.289017
 0.078035 0.000000 0.000000 0.000000 0.000000 0.000000 0.000000 0.000000
 0.552023 0.352601 0.206647 0.492775 0.304913 0.494220 0.926301 0.880058
 0.751445 0.630058 0.729769 0.709538 0.504335 0.777457 0.514451 0.484104
 0.463873 0.417630 0.528902 0.956647 0.485549 0.518786 0.254335 0.343931
 0.174855 0.602601 0.606936 0.479769 0.841040 0.417630 0.517341 0.044798
 0.484104 0.465318 0.528902 0.229769 0.725434 0.676301 0.400289 0.491329
 0.877168 0.588150 0.761561 0.530347 0.302023 0.776012 0.510116 0.388728
 0.261561 0.862717 0.774566 0.569364 0.552023 0.242775 0.666185 0.411850
 0.666185 0.443642 0.580925 0.830925 0.686416 0.579480 0.829480 0.736994
 0.660405 0.846821 0.854046 0.765896 0.796243 0.838150 0.767341 0.611272
 0.500000 0.895954 0.793353 0.812139 0.723988 0.854046 0.557803 0.252890
 0.475434 0.463873 0.427746 0.458092 0.450867 0.150289 0.465318 0.381503
 0.498555 0.536127 0.676301 0.809249 0.667630 0.599711 0.578035 0.875723
 0.765896 0.411850 0.722543 0.598266 0.752890 0.544798 0.894509 0.858382
 0.573699 0.858382 0.553468 0.755780 0.554913 0.789017 0.663295 0.625723
 0.426301 0.593931 0.806358 0.671965 0.682081 0.631503 0.635838 0.562139
 0.794798 0.663295 0.381503 0.059249 0.287572 0.492775 0.809249 0.297688
 0.209538 0.484104 0.358382 0.758671 0.789017 0.420520 0.572254 0.553468
 0.699422 0.274566 0.472543 0.014451 0.552023 0.498555 0.609827 0.484104
 0.076590 0.735549 0.398844 0.450867 0.336705 0.390173 0.199422 0.554913
 0.066474 0.000000 0.000000 0.000000 0.000000 0.000000 0.000000 0.000000
 0.478324 0.302023 0.190751 0.634393 0.377168 0.489884 0.738439 0.865607
 0.907514 0.573699 0.663295 0.754335 0.751445 0.767341 0.341040 0.501445
 0.632948 0.369942 0.413295 0.728324 0.176301 0.526012 0.190751 0.398844
 0.387283 0.725434 0.813584 0.570809 0.595376 0.377168 0.335260 0.231214
 0.670520 0.817919 0.541907 0.218208 0.455202 0.458092 0.326590 0.582370
 1.000000 0.729769 0.614162 0.382948 0.653179 0.562139 0.330925 0.416185
 0.310694 0.677746 0.815029 0.472543 0.223988 0.442197 0.265896 0.369942
 0.251445 0.219653 0.566474 1.000000 0.627168 0.430636 0.476879 0.520231
 0.356936 0.304913 0.656069 0.669075 0.695087 0.596821 0.929191 0.686416
 0.150289 0.596821 0.640173 0.797688 0.632948 0.608382 0.317919 0.244220
 0.268786 0.368497 0.683526 0.802023 0.521676 0.106936 0.290462 0.517341
 0.362717 0.332370 0.634393 0.933526 0.478324 0.524566 0.247110 0.745665
 0.511561 0.471098 0.618497 0.390173 0.586705 0.447977 0.683526 0.504335
 0.559249 0.578035 0.414740 0.411850 0.469653 0.911850 0.774566 0.471098
 0.397399 0.385838 0.420520 0.235549 0.622832 0.424856 0.375723 0.299133
 0.777457 0.911850 0.809249 0.335260 0.320809 0.326590 0.803468 0.498555
 0.355491 0.872832 0.748555 0.835260 0.797688 0.858382 0.708093 0.536127
 0.644509 0.343931 0.572254 0.083815 0.755780 0.911850 0.534682 0.291908
 0.130058 0.608382 0.270231 0.585260 0.580925 0.349711 0.248555 0.316474
 0.131503 0.000000 0.000000 0.000000 0.000000 0.000000 0.000000 0.000000
 0.277457 0.236994 0.427746 0.949422 0.849711 0.530347 1.000000 0.978324
 0.950867 0.885838 1.000000 1.000000 1.000000 1.000000 0.510116 0.132948
 0.910405 0.502890 0.976879 1.000000 0.355491 0.956647 0.497110 0.134393
 0.471098 0.933526 0.975434 0.540462 0.817919 0.989884 0.885838 0.040462
 0.799133 1.000000 0.508671 0.156069 0.965318 0.806358 0.501445 0.880058
 0.988439 1.000000 0.526012 0.528902 0.504335 0.913295 0.208092 0.485549
 0.908960 1.000000 0.778902 0.294798 0.845376 0.328035 0.267341 0.394509
 0.869942 0.274566 0.984104 1.000000 0.653179 0.365607 0.982659 0.978324
 0.797688 0.501445 1.000000 0.804913 0.926301 0.566474 1.000000 0.871387
 0.343931 0.966763 0.666185 0.828035 0.617052 0.501445 0.728324 0.420520
 0.115607 0.904624 0.989884 1.000000 0.975434 0.897399 0.510116 0.695087
 0.842486 0.826590 1.000000 1.000000 0.663295 0.605491 0.086705 1.000000
 0.553468 0.562139 0.839595 0.086705 0.943642 0.309249 0.589595 0.673410
 0.968208 0.453757 0.384393 0.843931 0.341040 0.934971 1.000000 0.791907
 0.901734 0.656069 0.086705 0.221098 1.000000 0.547688 0.962428 0.686416
 0.965318 0.973988 1.000000 0.115607 0.333815 0.219653 0.894509 0.174855
 0.216763 0.502890 0.515896 0.648844 0.330925 0.998555 0.096821 0.895954
 1.000000 0.978324 0.771676 0.095376 1.000000 0.552023 0.692197 0.648844
 0.007225 1.000000 0.524566 0.900289 1.000000 0.906069 0.043353 0.962428
 0.047688 0.000000 0.000000 0.000000 0.000000 0.000000 0.000000 0.000000
 0.284682 0.216763 0.160405 0.731214 0.434971 0.796243 1.000000 1.000000
 1.000000 0.745665 0.991329 1.000000 0.783237 1.000000 0.680636 0.575145
 0.741329 0.553468 0.539017 0.719653 0.478324 0.342486 0.091040 0.621387
 0.141618 0.786127 0.997110 1.000000 1.000000 0.875723 1.000000 0.073699
 0.906069 0.789017 0.855491 0.086705 0.164740 0.164740 0.174855 0.897399
 0.950867 1.000000 0.656069 0.495665 1.000000 0.939306 0.083815 0.475434
 0.173410 0.419075 0.725434 0.645954 0.225434 0.437861 0.446532 0.108382
 0.677746 0.192197 0.945087 1.000000 1.000000 0.893064 1.000000 0.943642
 0.135838 0.546243 1.000000 0.984104 0.774566 0.176301 0.656069 0.534682
 0.143064 0.702312 0.972543 1.000000 0.583815 0.536127 0.456647 0.070809
 0.166185 0.583815 0.994220 1.000000 0.955202 0.056358 0.455202 0.443642
 0.463873 0.670520 1.000000 1.000000 0.716763 1.000000 0.661850 0.813584
 0.937861 0.851156 0.953757 0.128613 0.991329 1.000000 0.956647 0.803468
 0.606936 1.000000 0.235549 0.550578 0.966763 1.000000 1.000000 0.565029
 0.767341 0.780347 0.130058 0.736994 1.000000 0.872832 0.559249 0.544798
 1.000000 0.911850 1.000000 0.052023 0.654624 0.804913 0.924855 0.018786
 0.033237 0.995665 0.862717 1.000000 1.000000 0.924855 0.228324 0.862717
 0.833815 0.975434 0.713873 0.020231 0.933526 0.593931 0.469653 0.236994
 0.013006 1.000000 0.676301 0.947977 0.670520 0.575145 0.489884 0.927746
 0.027457 0.000000 0.000000 0.000000 0.000000 0.000000 0.000000 0.000000
 0.786127 0.520231 0.848266 0.942197 0.518786 0.848266 0.959538 0.825145
 1.000000 0.949422 0.958093 0.890173 0.859827 0.867052 0.838150 0.862717
 0.966763 0.968208 0.417630 0.962428 0.170520 0.654624 0.482659 0.881503
 0.710983 0.618497 0.985549 0.972543 0.963873 0.625723 0.823699 0.131503
 0.823699 0.917630 0.966763 0.080925 0.943642 0.638728 0.773121 0.728324
 0.684971 0.929191 0.942197 0.526012 0.880058 0.567919 0.067919 0.489884
 0.710983 0.770231 0.894509 0.304913 0.563584 0.679191 0.304913 0.508671
 0.687861 0.732659 0.432081 0.976879 0.945087 0.913295 0.812139 0.930636
 0.611272 0.872832 0.997110 0.978324 0.997110 0.770231 0.972543 0.445087
 0.086705 0.985549 0.940751 0.947977 0.475434 0.822254 0.934971 0.264451
 0.752890 0.969653 0.949422 0.997110 0.968208 0.170520 0.196532 0.644509
 0.641618 0.765896 0.986994 0.950867 0.945087 0.856936 0.260116 1.000000
 0.462428 0.439306 0.796243 0.780347 0.973988 0.911850 0.776012 0.416185
 0.854046 0.986994 0.453757 0.992775 0.929191 0.845376 0.988439 0.887283
 0.921965 0.796243 0.326590 0.171965 0.988439 0.605491 0.868497 0.972543
 0.978324 0.910405 0.991329 0.018786 0.680636 0.216763 0.421965 0.500000
 0.008671 0.972543 0.858382 0.991329 0.472543 0.926301 0.163295 0.836705
 0.927746 0.859827 0.893064 0.008671 0.849711 0.312139 0.526012 0.789017
 0.026012 0.898844 0.891618 0.643064 0.228324 0.820809 0.244220 0.994220
 0.031792 0.000000 0.000000 0.000000 0.000000 0.000000 0.000000 0.000000
 0.557803 0.296243 0.342486 0.828035 0.684971 0.708093 0.842486 0.942197
 0.842486 0.799133 0.810694 0.947977 0.968208 0.705202 0.752890 0.580925
 0.832370 0.604046 0.637283 0.910405 0.364162 0.676301 0.328035 0.205202
 0.197977 0.810694 0.900289 0.817919 0.663295 0.595376 0.679191 0.054913
 0.916185 0.856936 0.726879 0.205202 0.764451 0.245665 0.591040 0.773121
 0.796243 0.852601 0.615607 0.432081 0.644509 0.862717 0.250000 0.650289
 0.476879 0.897399 0.906069 0.648844 0.458092 0.465318 0.248555 0.445087
 0.424856 0.179191 0.599711 0.794798 0.813584 0.471098 0.773121 0.679191
 0.248555 0.585260 0.890173 0.900289 0.752890 0.747110 0.826590 0.689306
 0.384393 0.858382 0.803468 0.794798 0.825145 0.745665 0.576590 0.122832
 0.111272 0.713873 0.777457 0.913295 0.822254 0.184971 0.492775 0.384393
 0.394509 0.618497 0.836705 0.921965 0.940751 0.773121 0.235549 0.663295
 0.783237 0.695087 0.757225 0.170520 0.907514 0.494220 0.735549 0.781792
 0.747110 0.784682 0.325144 0.748555 0.624277 0.836705 0.869942 0.852601
 0.447977 0.621387 0.417630 0.588150 0.802023 0.583815 0.472543 0.878613
 0.888728 0.709538 0.719653 0.059249 0.690751 0.806358 0.595376 0.434971
 0.098266 0.848266 0.236994 0.739884 0.752890 0.777457 0.121387 0.702312
 0.871387 0.736994 0.859827 0.021676 0.812139 0.885838 0.828035 0.236994
 0.030347 0.823699 0.413295 0.816474 0.673410 0.630058 0.063584 0.614162
 0.049133 0.000000 0.000000 0.000000 0.000000 0.000000 0.000000 0.000000
 0.916185 0.502890 0.540462 0.916185 0.550578 0.826590 0.994220 0.671965
 0.943642 0.065029 0.793353 0.924855 0.955202 0.232659 0.465318 0.567919
 0.650289 0.569364 0.829480 0.976879 0.134393 0.869942 0.658960 0.534682
 0.046243 0.515896 0.725434 0.787572 0.736994 0.515896 0.888728 0.018786
 0.089595 0.660405 0.991329 0.210983 0.936416 0.907514 0.820809 0.894509
 0.900289 0.995665 0.929191 0.604046 0.637283 0.684971 0.264451 0.439306
 0.365607 0.210983 0.484104 0.515896 0.715318 0.131503 0.446532 0.335260
 0.965318 0.651734 0.900289 0.986994 0.752890 0.476879 0.904624 0.768786
 0.684971 0.955202 0.959538 0.950867 0.942197 0.695087 0.661850 0.482659
 0.407514 0.952312 0.784682 0.986994 0.777457 0.950867 0.530347 0.143064
 0.732659 0.656069 0.504335 0.884393 0.593931 0.361272 0.478324 0.380058
 0.651734 0.947977 0.989884 0.706647 0.580925 0.887283 0.361272 0.690751
 0.667630 0.884393 0.959538 0.569364 0.982659 0.491329 0.825145 0.566474
 0.495665 0.755780 0.550578 0.699422 0.507225 0.294798 0.919075 0.849711
 0.495665 0.807803 0.083815 0.635838 0.755780 0.160405 0.755780 0.625723
 0.830925 0.521676 0.885838 0.067919 0.195087 0.491329 0.852601 0.095376
 0.114162 0.828035 0.885838 0.891618 0.566474 0.411850 0.304913 0.232659
 0.940751 0.815029 0.638728 0.013006 0.144509 0.513006 0.612717 0.329480
 0.007225 0.920520 0.400289 0.927746 0.507225 0.316474 0.153179 0.374277
 0.078035 0.000000 0.000000 0.000000 0.000000 0.000000 0.000000 0.000000
 0.362717 0.219653 0.173410 0.919075 0.667630 0.881503 0.799133 0.868497
 0.716763 0.575145 0.705202 0.823699 0.297688 0.745665 0.940751 0.644509
 0.601156 0.390173 0.908960 0.958093 0.164740 0.874277 0.598266 0.784682
 0.131503 0.458092 0.934971 0.891618 0.976879 0.750000 0.854046 0.060694
 0.517341 0.917630 0.854046 0.132948 0.482659 0.445087 0.479769 0.660405
 0.920520 0.270231 0.238439 0.442197 0.593931 0.719653 0.319364 0.410405
 0.222543 0.658960 0.774566 0.605491 0.424856 0.234104 0.267341 0.472543
 0.617052 0.465318 0.898844 0.981214 0.397399 0.423410 0.881503 0.924855
 0.235549 0.871387 0.250000 0.888728 0.336705 0.658960 0.946532 0.313584
 0.187861 0.780347 0.826590 0.695087 0.466763 0.277457 0.661850 0.313584
 0.557803 0.274566 0.377168 0.911850 0.776012 0.128613 0.140173 0.491329
 0.202312 0.709538 0.916185 0.829480 0.744220 0.716763 0.368497 0.867052
 0.767341 0.619942 0.797688 0.693642 0.687861 0.486994 0.830925 0.669075
 0.729769 0.852601 0.400289 0.634393 0.459538 0.614162 0.614162 0.622832
 0.481214 0.338150 0.419075 0.177746 0.565029 0.443642 0.274566 0.336705
 0.936416 0.722543 0.822254 0.069364 0.351156 0.557803 0.869942 0.209538
 0.078035 0.307803 0.544798 0.934971 0.891618 0.586705 0.679191 0.361272
 0.947977 0.458092 0.719653 0.018786 0.221098 0.819364 0.942197 0.095376
 0.024566 0.742775 0.218208 0.855491 0.881503 0.380058 0.397399 0.403179
 0.030347 0.000000 0.000000 0.000000 0.000000 0.000000 0.000000 0.000000
 0.596821 0.024566 0.130058 0.949422 0.843931 0.505780 1.000000 0.630058
 0.835260 0.498555 0.638728 0.644509 0.595376 0.673410 0.235549 0.235549
 0.518786 0.177746 0.570809 0.734104 0.154624 0.582370 0.274566 0.585260
 0.132948 0.549133 0.604046 0.868497 0.710983 0.189306 0.468208 0.008671
 0.712428 0.583815 0.702312 0.078035 0.189306 0.238439 0.741329 0.936416
 0.803468 1.000000 0.586705 0.500000 0.562139 0.734104 0.096821 0.284682
 0.242775 0.917630 0.647399 0.513006 0.300578 0.352601 0.356936 0.377168
 0.802023 0.244220 0.627168 0.989884 0.861272 0.328035 0.809249 1.000000
 0.248555 0.726879 0.593931 0.778902 0.644509 0.729769 0.780347 0.173410
 0.140173 0.959538 1.000000 0.796243 0.916185 0.268786 0.580925 0.015896
 0.096821 0.137283 0.627168 0.875723 0.706647 0.020231 0.166185 0.511561
 0.119942 0.583815 0.976879 0.930636 0.455202 0.712428 0.073699 0.716763
 0.539017 0.505780 0.273121 0.180636 0.830925 0.436416 0.923410 0.726879
 0.385838 0.881503 0.290462 0.874277 0.268786 0.562139 0.848266 0.504335
 0.462428 0.281792 0.572254 0.177746 0.939306 0.826590 0.414740 0.254335
 0.638728 0.807803 1.000000 0.050578 0.130058 0.447977 0.573699 0.235549
 0.023121 0.826590 0.429191 0.949422 0.517341 0.489884 0.391618 0.273121
 0.891618 0.456647 0.479769 0.036127 0.592486 0.661850 0.465318 0.534682
 0.018786 0.670520 0.591040 0.822254 0.916185 0.088150 0.057803 0.252890
 0.027457 0.000000 0.000000 0.000000 0.000000 0.000000 0.000000 0.000000

